9:59:04 AM	SIG#573	[1,0,0,1,0,0,1,0,0,1,0,0,1,0,0,1,0,0,1,0,0,1]	pk=1	len=22
9:58:52 AM	SIG#566–572	[2,1,0,2,1,2,1,0,2,1,0,0,1,1,0,1,0,1]	pk=2	len=undefined
9:58:51 AM	SIG#565	[1,0,0,0,2,0,1,0,0,0,2,1,1,0,0,0,2,1]	pk=2	len=18
9:58:24 AM	SIG#550–564	[1,1,0,1,0,1,0,0,0,0,0,0,0,1,0,1,0,0,1,0,1,1,0,0,1,0,1,0,0,0,1,0,1,0,1,0,0,1]	pk=1	len=undefined
9:58:22 AM	SIG#549	[1,0,0,0,1,0,1,0,0,0,1,0,1,0,0,0,1]	pk=1	len=17
9:58:10 AM	SIG#541–548	[1,1,0,1,0,1,0,1,0,1,0,1,0,1]	pk=1	len=undefined
9:58:09 AM	SIG#540	[1,0,0,0,1,0,1,0,0,0,1,0,1,0,0,0,1]	pk=1	len=17
9:57:51 AM	SIG#527–539	[1,0,1,0,1,0,1,0,1,0,1,1,0,1,0,0,1,0,1,0,0,1,0,1,0,1]	pk=1	len=undefined
9:57:49 AM	SIG#526	[1,0,1,0,0,0,1,0,1,0,0,0,1,0,1,0,0,0,1,0,1,0,0,0,1,0,1]	pk=1	len=27
9:57:20 AM	SIG#513–525	[2,2,0,0,2,0,2,0,0,0,0,0,0,0,0,0,1,0,1,0,0,1,0,1,1,0,0,1,0,1,0,0,0,0,0,0,1,0,1]	pk=2	len=undefined
9:57:19 AM	SIG#512	[2,1,1,0,0,0,2,1,1,0,0,0,2,1,1,0,0,0,2,1,1,0,0,1,2,1,1,0,0,1,2,1,1,0,0,1,2,0,1,0,0,1,2,0,1,0,0,1,2,0,1,0,0,1,2,0,1,0,0,1,2,0,1,0,0,0,2,0,1,0,0,0,2,0,1,0,0,0,2,0,1,0,0,0,2]	pk=2	len=85
9:56:57 AM	SIG#508–511	[1,1,0,1,0,0,2,0,2,1]	pk=2	len=undefined
9:56:56 AM	SIG#507	[1,1,1,0,0,0,1,1,1,1,0,0,1,1,1,1,0,0,1,1,1,1,0,0,1,1,1,1,0,0,0,1,1,1]	pk=1	len=34
9:56:43 AM	SIG#502–506	[2,0,2,0,2,0,0,0,1,0,1,1]	pk=2	len=undefined
9:56:43 AM	SIG#501	[2,1,1,0,0,0,2,1,1,0,0,0,2,1,1,0,0,0,2,1,1,0,0,2,2,1,1,0,0,2,0,1,1,0,0,2,0,0,1,0,0,2]	pk=2	len=42
9:56:28 AM	SIG#496–500	[1,0,1,0,1,0,0,2,0,2,1]	pk=2	len=undefined
9:56:27 AM	SIG#495	[1,0,1,0,0,0,1,0,1,0,0,0,1,0,1,0,0,0,1,0,1,0,0,2,1,0,1,0,0,2,0,0,1,0,0,2,0,1,1,0,0,2,0,1,0,0,0,2,0,1,0,0,0,2,0,1,0,0,3,2,0,1,0,0,3,0,0,1,0,0,3,0,0,1,0,0,3,0,0,1,0,0,3,0,0,1,0,0,3,0,0,1,0,0,3,0,0,1,0,0,1,0,0,1,0,0,1,0,0,1,0,0,1,0,0,1,0,0,1,0,0,1,0,0,1,0,0,1,0,0,1,0,0,1,0,0,1,0,0,1]	pk=3	len=140
9:55:53 AM	SIG#491–494	[1,0,1,0,0,0,0,0,1,0,1]	pk=1	len=undefined
9:55:51 AM	SIG#490	[1,0,1,0,0,0,1,0,1,0,0,0,1,0,1,0,0,0,1,0,1,0,0,0,1,0,1]	pk=1	len=27
9:55:08 AM	SIG#485–489	[1,0,1,0,0,1,0,0,0,0,0,0,0,0,0,0,0,0,1,0,1]	pk=1	len=undefined
9:55:08 AM	SIG#484	[1,0,0,1,0,0,1,0,0,1,0,0,1,0,0,1,0,0,1,0,0,1]	pk=1	len=22
9:55:03 AM	SIG#483	[1,2,0,0,0,1,1,2,0,0,0,1,0,2,0,0,0,1]	pk=2	len=18
9:55:00 AM	SIG#482–482	[1,2]	pk=2	len=undefined
9:54:58 AM	SIG#481	[1,0,0,1,0,0,1,0,0,1,2,0,1,0,0,1,2,0,1,0,0,1,2]	pk=2	len=23
9:54:46 AM	SIG#474–480	[1,1,0,1,0,1,0,1,0,1,0,0,1]	pk=1	len=undefined
9:54:45 AM	SIG#473	[1,1,0,1,0,0,1,1,0,1,0,0,1,1,0,1,0,0,1,1,0,1,0,0,0,1,0,1,0,0,0,1,0,1,0,0,0,1,0,1,0,0,0,1]	pk=1	len=44
9:54:11 AM	SIG#459–472	[1,0,1,0,0,1,0,0,0,0,0,0,0,1,0,1,1,0,1,1,0,1,1,0,1,1,1,1,0,1,1,0,1,0,0,0,0,0,0,1,0,1,1,0,1,1]	pk=1	len=undefined
9:54:11 AM	SIG#458	[1,1,0,0,0,1,1,1,0,0,0,1,0,1,0,0,0,1,0,1,0,0,0,1,0,1,0,0,0,1,0,1,0,0,0,1,0,1,0,0,1,1,0,1,0,0,1,0,0,1,0,0,1,0,0,1,0,0,1]	pk=1	len=59
9:53:57 AM	SIG#456–457	[1,1,0,0,1,1]	pk=1	len=undefined
9:53:56 AM	SIG#455	[1,0,0,0,1,0,1,0,0,0,1,1,1,0,0,0,1,1]	pk=1	len=18
9:53:52 AM	SIG#454	[1,0,0,1,0,0,1,0,0,1,0,0,1,0,0,1,0,0,1,0,0,1,0,0,1,0,0,1,0,0,1,0,0,1,0,0,1,0,0,1,0,0,1,0,0,1,0,0,1,0,0,1,0,0,1,0,0,1,0,0,1,0,0,1]	pk=1	len=64
9:53:39 AM	SIG#453	[2,0,0,1,0,0,2,0,0,1,0,0,2,0,0,1,0,1,2,0,0,1,0,1,0,0,0,1,0,1,0,0,0,1,0,1,0,0,0,1,0,1,0,0,0,1,0,1,0,0,0,1,0,1,0,0,0,1]	pk=2	len=58
9:53:19 AM	SIG#447–452	[1,0,1,0,1,0,0,0,2,0,2,0,2]	pk=2	len=undefined
9:53:19 AM	SIG#446	[2,1,0,1,0,0,2,1,0,1,0,0,2,1,0,1,0,1,2,1,0,1,0,1,4,1,0,1,0,1,4,1,0,1,0,1,4,1,0,1,0,1,4,1,0,0,0,1,4,1,0,0,1,1,4,1,0,0,1,0,4,1,0,0,1,0,0,1,0,0,1]	pk=4	len=71
9:52:59 AM	SIG#441–445	[2,0,0,2,0,2,2,0,2,1,0,2,1]	pk=2	len=undefined
9:52:59 AM	SIG#440	[1,0,0,0,1,0,1,0,0,0,1,0,1,0,0,0,1,0,1,0,0,0,1,0,1,2,0,0,1,0,1,2,0,0,1,0,1,2,0,2,1,0,1,2,0,2,0,0,1,2,0,2,0,0,1,2,0,2,0,0,2,2,0,2,0,0,2,0,0,2,0,0,2,0,0,2,0,0,2]	pk=2	len=79
9:52:43 AM	SIG#439	[1,1,0,2,0,0,1,1,0,2,0,0,1,1,0,2,0,1,1,1,0,2,0,1,1,1,0,2,0,1,1,0,0,2,0,1,1,0,0,2,0,1,1,0,0,1,0,1,1,0,0,1,0,1,1,0,0,1,0,0,1,0,0,1]	pk=2	len=64
9:52:26 AM	SIG#435–438	[1,0,0,1,1,0,1,1,0,0,1,1]	pk=1	len=undefined
9:52:25 AM	SIG#434	[1,1,0,0,0,2,1,1,0,0,0,2,1,1,0,0,0,2,1,1,0,0,0,2,1,1,0,0,0,2,1,1,0,1,0,2,1,1,0,1,0,2,1,1,0,1,0,0,1,1,0,1,0,0,0,1,0,1]	pk=2	len=58
9:52:14 AM	SIG#433	[1,2,0,0,1,0,1,2,0,0,1,0,1,2,0,0,1,0,2,2,0,0,1,0,2,0,0,0,1,0,2,0,1,0,1,0,2,0,1,0,1,0,2,0,1,0,1,0,2,0,1,0,1,1,2,0,1,0,1,1,0,0,1,0,1,1,0,0,1,0,1,1]	pk=2	len=72
9:52:00 AM	SIG#432–432	[1,2]	pk=2	len=undefined
9:51:58 AM	SIG#431	[2,0,0,0,1,0,2,0,0,0,1,2,2,0,0,0,1,2]	pk=2	len=18
9:51:45 AM	SIG#425–430	[1,0,1,0,0,0,0,0,2,0,2,0,2,0,2]	pk=2	len=undefined
9:51:43 AM	SIG#424	[1,1,0,0,1,0,1,1,0,0,1,0,1,1,0,0,1,0,1,1,0,0,1,0,1,0,0,0,1,0,1,0,0,0,1,0,1,0,0,0,1,0,1]	pk=1	len=43
9:51:28 AM	SIG#418–423	[1,1,0,0,1,0,0,1,0,1,1,0,1,1,0,1,1]	pk=1	len=undefined
9:51:27 AM	SIG#417	[1,1,1,0,0,0,1,1,1,0,0,0,1,1,1,0,0,0,1,1,1,0,0,0,1,1,1]	pk=1	len=27
9:51:15 AM	SIG#413–416	[1,0,1,0,0,0,0,0,1,0,1,1]	pk=1	len=undefined
9:51:13 AM	SIG#412	[1,0,1,0,0,0,1,0,1,0,0,0,1,0,1,0,0,0,1,0,1,0,0,0,1,0,1]	pk=1	len=27
9:50:36 AM	SIG#401–411	[1,0,1,0,0,0,0,0,0,0,0,0,0,2,0,2,0,2,0,2,2,0,2,0,2,0,0,0,0,0,0,0,0,0,0,0,0,1,0,1]	pk=2	len=undefined
9:50:35 AM	SIG#400	[1,1,0,1,0,0,1,1,0,1,0,0,1,1,0,1,0,0,1,1,0,1,0,0,0,1,0,1,0,0,0,1,0,1,0,0,0,1,0,1,0,0,0,1,0,1,0,0,0,1,0,1,0,0,0,1,0,1,0,0,0,1,0,1,0,0,0,1,0,1]	pk=1	len=70
9:50:16 AM	SIG#395–399	[1,2,0,0,1,2,0,1,2,0,0,1,1,0,1,1]	pk=2	len=undefined
9:50:16 AM	SIG#394	[2,0,0,0,1,0,2,0,0,0,1,0,2,0,0,0,1,0,1,0,0,0,1,0,1,2,0,0,1,0,1,2,0,0,1,0,1,2,0,0,1,0,1,2]	pk=2	len=44
9:50:06 AM	SIG#393	[2,0,0,2,0,0,2,0,0,2,0,0,2,0,0,2,0,0,2,0,0,2]	pk=2	len=22
9:49:53 AM	SIG#386–392	[2,2,0,2,0,2,0,0,0,0,2,0,2,0,2]	pk=2	len=undefined
9:49:51 AM	SIG#385	[1,2,0,0,0,2,1,2,0,0,0,2,0,2,0,0,0,2]	pk=2	len=18
9:49:46 AM	SIG#383–384	[1,2,0,1,2]	pk=2	len=undefined
9:49:45 AM	SIG#382	[1,0,1,0,0,0,1,0,1,0,0,0,1,0,1,0,0,0,1,0,1,0,0,0,1,0,1,0,0,0,1,0,1,0,0,0,1,2,1,0,0,0,1,2]	pk=2	len=44
9:49:31 AM	SIG#378–381	[2,0,2,0,1,2,0,1]	pk=2	len=undefined
9:49:31 AM	SIG#377	[1,0,1,0,0,0,1,0,1,0,0,0,1,0,1,0,0,0,1,0,1,0,0,2,1,0,1,0,0,2,0,0,1,0,0,2,0,0,1,0,0,2]	pk=2	len=42
9:49:18 AM	SIG#373–376	[1,1,0,0,1,0,1,0,0,1]	pk=1	len=undefined
9:49:17 AM	SIG#372	[1,0,1,0,0,0,1,0,1,1,0,0,1,0,1,1,1,0,1,0,1,1,1,0,1,0,1,1,1,0,0,0,1,1,1,0,0,0,1,1,1]	pk=1	len=41
9:49:06 AM	SIG#369–371	[1,1,0,0,1,1,0,1]	pk=1	len=undefined
9:49:05 AM	SIG#368	[1,1,0,0,0,2,1,1,0,0,0,2,0,1,0,0,0,2,0,2,0,0,0,2,0,2,1,0,0,2,0,2,1,1,0,2,0,2,1,1,0,2,0,2,1,1,0,0,0,2,1,1,0,0,0,2,1,1]	pk=2	len=58
9:48:47 AM	SIG#360–367	[1,1,1,1,0,1,1,0,1,1,0,1,1,0,0,1,1,0,1,1,0,1,1]	pk=1	len=undefined
9:48:46 AM	SIG#359	[1,1,0,1,0,0,1,1,0,1,0,0,1,1,0,1,0,1,1,1,0,1,0,1,0,1,0,1,0,1,0,0,0,1,0,1,0,0,1,1,0,1,0,0,1,1,0,1,0,0,1,1,0,1,0,0,1,1]	pk=1	len=58
9:48:34 AM	SIG#358	[1,1,1,0,0,0,1,1,1,0,0,0,1,1,1,0,0,0,1,1,1,0,0,1,1,1,1,0,0,1,0,1,1,0,0,1,0,1,1,0,0,1,0,1,0,0,0,1,0,1,0,0,0,1,0,1,0,0,0,1,0,1,0,0,0,1,0,1,0,0,0,1,1,1,0,0,0,1,1]	pk=1	len=79
9:47:45 AM	SIG#338–357	[2,2,0,2,0,1,2,0,1,1,0,1,1,0,0,1,1,0,1,1,1,1,0,1,1,0,1,0,0,2,0,2,0,2,0,2,2,0,2,0,2,0,0,0,0,0,0,0,0,0,0,0,0,1,0,1,1]	pk=2	len=undefined
9:47:44 AM	SIG#337	[1,0,0,0,2,0,1,0,0,0,2,0,1,0,0,0,2]	pk=2	len=17
9:47:40 AM	SIG#336	[1,1,0,2,0,0,1,1,0,2,1,0,1,1,0,2,1,0,1,1,0,2,1,0,0,1,0,2,1,0,0,1,0,2,1,0,0,1,0,2,1,0,0,1,0,0,1,0,0,1]	pk=2	len=50
9:47:06 AM	SIG#323–335	[1,2,0,0,1,2,0,2,0,0,0,0,0,0,0,0,0,1,0,0,1,0,1,0,1,1,0,1,0,1,0,0,1,0,1,1,0,1,1]	pk=2	len=undefined
9:47:06 AM	SIG#322	[1,0,2,0,0,0,1,0,2,0,0,0,1,0,2,0,1,0,1,0,2,0,1,2,1,0,2,0,1,2,0,0,2,0,1,2,0,0,2,0,1,2]	pk=2	len=42
9:46:06 AM	SIG#290–321	[1,1,0,1,0,1,0,1,1,0,0,1,1,0,1,1,0,1,1,1,1,0,1,1,0,1,1,0,0,1,0,1,0,1,1,0,0,1,0,1,0,0,1,0,1,0,1,0,0,1,1,0,1,0,0,1,0,0,0,0,0,0,0,0,0,0,0,2,0,0,2,0,2,0,2,2,0,2,0,2,0,0,0,0,0,0,0,1,0,1]	pk=2	len=undefined
9:46:05 AM	SIG#289	[2,1,1,0,0,0,2,1,1,0,0,0,2,1,1,0,0,0,2,1,1,0,0,0,2,1,1]	pk=2	len=27
9:45:58 AM	SIG#286–288	[1,0,2,1,0,2,1]	pk=2	len=undefined
9:45:56 AM	SIG#285	[1,0,0,1,0,0,1,0,0,1,0,0,1,0,0,1,0,2,1,0,0,1,0,2,0,0,0,1,0,2,0,0,0,1,0,2,0,0,1,1,0,2,0,0,1,0,0,2,0,0,1,0,1,2,0,0,1,0,1,1,0,0,1,0,1,1,0,0,1,0,1,1,0,0,1,0,1,1,0,0,1,0,1,1,0,0,1,0,1,1,0,0,1,0,1,1,0,0,1,0,1,0,0,0,1,0,1,0,0,0,1,0,1,0,0,0,1,0,1]	pk=2	len=119
9:44:48 AM	SIG#257–284	[1,1,0,1,1,0,1,0,0,0,0,0,0,0,1,0,0,1,0,0,1,0,1,1,0,1,0,1,1,0,0,1,1,0,1,1,0,0,1,1,0,1,1,1,1,0,0,1,1,0,1,0,0,0,0,0,0,0,1,0,1,1,0,0,1,1,0,1,1,0,1,1,1,1,0,1,1,0,1,0,0,1,0,0,1,0,1]	pk=1	len=undefined
9:44:48 AM	SIG#256	[1,0,0,0,1,0,1,0,0,0,1,0,1,0,0,0,1,0,1,0,0,0,1,0,1,0,0,0,1,0,1,0,0,0,1,0,1,0,0,0,1,0,1,0,0,0,1,0,1,0,0,0,1,0,1,0,0,0,1,0,1,0,0,0,1,0,1,1,0,0,1,0,1,1,0,0,1,0,1,1,0,0,1,0,1,1]	pk=1	len=86
9:44:11 AM	SIG#242–255	[1,0,1,0,0,0,0,0,1,0,0,1,1,0,1,1,0,0,1,1,0,1,1,1,1,0,1,1,0,1,0,0,1,0,1,0,1,0,1]	pk=1	len=undefined
9:44:10 AM	SIG#241	[1,0,1,0,0,0,1,0,1,0,0,0,1,0,1,0,0,0,1,0,1,0,0,0,1,0,1]	pk=1	len=27
9:44:00 AM	SIG#237–240	[1,0,1,0,1,0,0,1]	pk=1	len=undefined
9:43:59 AM	SIG#236	[1,0,1,0,0,0,1,0,1,0,0,0,1,0,1,0,0,0,1,0,1,0,0,0,1,0,1]	pk=1	len=27
9:43:33 AM	SIG#218–235	[1,1,0,1,0,2,0,2,0,2,0,2,2,0,2,0,2,0,0,1,0,1,0,0,1,0,1,1,0,0,1,0,1,0,0,0,1,0,1]	pk=2	len=undefined
9:43:32 AM	SIG#217	[1,0,0,1,0,0,1,0,0,1,1,0,1,0,0,1,1,1,1,0,0,1,1,1,0,0,0,1,1,1,0,0,0,1,1,1,0,0,0,1,1,1]	pk=1	len=42
9:43:07 AM	SIG#203–216	[1,0,1,0,0,1,0,0,1,0,1,1,0,1,1,0,0,1,1,0,1,1,1,1,0,0,1,1,0,1,0,0,1,0,1,0,1]	pk=1	len=undefined
9:43:07 AM	SIG#202	[1,0,1,0,0,0,1,0,1,0,0,0,1,0,1,0,0,0,1,0,1,0,0,1,1,0,1,0,0,1,0,0,1,0,0,1,0,0,1,0,0,1,0,0,1,0,0,1,0,0,1,0,0,1,0,0,1,0,0,1,0,0,1]	pk=1	len=63
9:42:45 AM	SIG#197–201	[1,1,0,1,1,0,0,1,0,0,0,0,0,0,1,0,1]	pk=1	len=undefined
9:42:45 AM	SIG#196	[1,0,2,0,0,0,1,0,2,0,0,0,1,0,2,0,0,0,1,0,2,0,0,0,1,0,2,0,0,0,2,0,2,0,0,0,2,0,2,0,0,0,2,0,1,0,0,0,2,0,1,1,0,0,2,0,1,1,0,0,2,0,1,1,0,0,2,0,1,1]	pk=2	len=70
9:42:28 AM	SIG#193–195	[1,0,1,1,0,1]	pk=1	len=undefined
9:42:27 AM	SIG#192	[1,0,0,1,0,0,1,0,0,1,0,0,1,0,0,1,0,0,1,0,0,1,0,0,1,0,0,1,0,0,1,0,0,1,0,0,1,0,1,1,0,0,1,0,1,0,0,0,1,0,1,0,0,0,1,0,1,0,0,0,1,0,1]	pk=1	len=63
9:42:15 AM	SIG#191	[1,1,0,0,0,1,1,1,0,0,0,1,0,1,0,0,0,1]	pk=1	len=18
9:41:42 AM	SIG#176–190	[1,1,0,1,1,0,0,1,0,0,0,0,0,0,0,0,0,0,0,0,2,0,2,0,0,2,0,2,2,0,2,0,2,0,0,0,1,0,0,1,1,0,1,1,0,1,1,0,1,1]	pk=2	len=undefined
9:41:42 AM	SIG#175	[1,1,1,0,0,0,1,1,1,0,0,0,1,1,1,0,1,0,1,1,1,0,1,0,1,1,1,0,1,0,1,1,1,0,1,0,1,1,1,0,1,0,1,1,0,0,1,0,1,1,0,0,1,0,1,1]	pk=1	len=56
9:41:24 AM	SIG#171–174	[1,0,1,0,0,0,0,1,0,1,1]	pk=1	len=undefined
9:41:22 AM	SIG#170	[1,2,0,1,0,0,1,2,0,1,0,0,1,2,0,1,0,0,1,2,0,1,0,0,0,2,0,1]	pk=2	len=28
9:41:11 AM	SIG#165–169	[2,0,2,0,1,2,0,1,2,0,1,2]	pk=2	len=undefined
9:41:11 AM	SIG#164	[1,0,0,1,0,0,1,0,0,1,0,0,1,0,0,1,0,0,1,0,0,1,0,0,2,0,0,1,0,0,2,0,0,1,0,0,2,0,0,1,0,0,2]	pk=2	len=43
9:40:56 AM	SIG#158–163	[1,3,0,1,3,0,3,0,1,0,0,1,0,1]	pk=3	len=undefined
9:40:56 AM	SIG#157	[1,0,0,1,0,0,1,0,0,1,0,0,1,0,0,1,0,0,1,0,0,1,0,0,1,0,0,1,0,0,1,1,0,1,0,0,1,1,1,1,0,0,1,1,1,0,0,0,1,1,1,0,1,0,1,1,1,0,1,3,1,1,1,0,1,3,0,1,1,0,1,3,0,0,1,0,1,3]	pk=3	len=78
9:40:35 AM	SIG#152–156	[1,1,0,0,1,0,1,0,1,0,1]	pk=1	len=undefined
9:40:34 AM	SIG#151	[1,1,1,0,0,0,1,1,1,0,0,0,1,1,1,0,0,0,1,1,1,0,0,0,1,1,1]	pk=1	len=27
9:40:11 AM	SIG#140–150	[1,0,0,1,0,1,1,0,1,0,1,0,1,1,0,0,1,0,1,0,0,0,0,0,0,0,1,0,1,1]	pk=1	len=undefined
9:40:11 AM	SIG#139	[1,2,2,0,0,0,1,2,2,0,0,0,1,2,2,0,0,0,1,2,2,0,0,1,1,2,2,0,0,1,0,2,2,0,0,1,0,0,2,0,0,1]	pk=2	len=42
9:39:49 AM	SIG#129–138	[1,1,0,1,0,0,0,0,1,0,1,0,1,0,0,1,1,0,1,0,0,1,1,0,1,2]	pk=2	len=undefined
9:39:47 AM	SIG#128	[1,1,0,0,1,0,1,1,0,0,1,1,1,1,0,0,1,1,1,1,0,0,1,1,1,0,0,0,1,1,1,0,0,0,1,1,1,0,0,0,1,1,1]	pk=1	len=43
9:39:39 AM	SIG#127	[1,0,0,2,0,0,1,0,0,2,0,0,1,0,0,2,0,0,1,0,0,2,0,0,1,0,0,2,0,0,1,1,0,2,0,0,1,1,0,2,0,0,1,1]	pk=2	len=44
9:39:01 AM	SIG#113–126	[1,0,1,0,1,0,0,0,0,0,1,0,1,1,0,0,1,1,0,1,1,0,1,1,1,1,0,1,1,0,1,0,0,0,0,0,0,0,0,0,0,0,1,0,1,0,1]	pk=1	len=undefined
9:39:01 AM	SIG#112	[1,3,1,0,0,0,1,3,1,0,0,0,1,3,1,0,1,0,1,3,1,0,1,0,1,3,1,0,1,0,2,3,1,0,1,0,2,0,1,0,1,0,2,0,0,0,1,0,2,0,0,1,1,0,2,0,0,1,0,0,2,0,0,1,0,0,2,0,0,1]	pk=3	len=70
9:38:32 AM	SIG#106–111	[1,1,0,0,1,0,1,0,0,0,0,0,0,0,0,1,0,0,1,3]	pk=3	len=undefined
9:38:31 AM	SIG#105	[1,1,0,0,0,1,1,1,0,0,0,1,0,1,0,0,0,1]	pk=1	len=18
9:37:58 AM	SIG#83–104	[2,0,1,2,0,1,1,0,1,1,0,1,1,0,1,1,1,1,0,1,1,0,0,1,0,0,0,1,0,1,1,0,1,1,0,1,1,0,1,1,1,1,0,1,1,0,1,0,0,0,0,0,1,0,1,1,0,1,1,0,1,1,0,1,1]	pk=2	len=undefined
9:37:56 AM	SIG#82	[1,0,2,0,0,0,1,0,2,0,0,0,1,0,2,0,0,0,1,0,2,0,0,0,1,0,2]	pk=2	len=27
9:37:39 AM	SIG#78–81	[1,0,1,0,0,0,0,0,0,0,0,0,1,0,1]	pk=1	len=undefined
9:37:37 AM	SIG#77	[1,0,1,0,0,0,1,0,1,0,0,0,1,0,1,0,0,0,1,0,1,0,0,0,1,0,1]	pk=1	len=27
9:37:26 AM	SIG#73–76	[1,0,1,0,0,0,0,1,0,1]	pk=1	len=undefined
9:37:24 AM	SIG#72	[1,1,0,1,0,0,1,1,0,1,0,0,1,1,0,1,0,0,1,1,0,1,0,0,0,1,0,1]	pk=1	len=28
9:37:08 AM	SIG#66–71	[1,0,1,0,1,0,0,0,0,0,0,1,0,1,1,0,1,1]	pk=1	len=undefined
9:37:08 AM	SIG#65	[1,0,0,1,0,0,1,0,0,1,1,0,1,0,0,1,1,0,1,0,0,1,1,0,1,0,0,1,1,0,1,1,0,1,1,0,1,1,0,1,1,0,1,1,0,0,1,0,1,1,0,0,1,0,1,1,0,0,1,1,1,1,0,0,1,1,1,1,0,0,1,1,1,0,0,0,1,1,1,0,1,0,1,1,1,0,1,0,1,1,1,0,1,0,0,1,1,0,1,0,0,1,1,0,1,0,0,1,0,0,1,0,0,1,0,0,1,0,0,1]	pk=1	len=120
9:36:38 AM	SIG#58–64	[1,1,0,1,1,1,1,0,1,1,0,1,1,0,1,0,0,1]	pk=1	len=undefined
9:36:37 AM	SIG#57	[1,0,0,0,1,0,1,0,0,0,1,1,1,0,0,0,1,1]	pk=1	len=18
9:36:33 AM	SIG#56–56	[1]	pk=1	len=undefined
9:36:32 AM	SIG#55	[1,1,0,0,0,1,1,1,0,0,0,1,0,1,0,0,0,1]	pk=1	len=18
9:36:27 AM	SIG#54	[1,0,0,0,1,0,1,0,0,0,1,0,1,0,0,0,1,0,1,0,0,0,1,0,1,0,0,0,1,0,1,0,0,0,1,0,1,0,0,0,1,0,1,0,0,0,1,0,1,0,0,0,1,0,1,0,0,0,1,0,1,0,0,0,1,0,1,1,0,0,1,0,1,1,0,0,1,0,1,1,0,0,1,0,1,1]	pk=1	len=86
9:35:51 AM	SIG#41–53	[1,0,0,1,0,0,0,0,0,0,1,0,1,1,0,1,1,0,1,1,0,1,1,1,1,0,1,1,0,1,1,0,0,1,0,1,0,1]	pk=1	len=undefined
9:35:50 AM	SIG#40	[1,1,2,0,0,0,1,1,2,1,0,0,1,1,2,1,1,0,1,1,2,1,1,1,1,1,2,1,1,1,1,1,2,1,1,1,1,0,2,1,1,1,1,0,1,1,1,1,1,0,1,0,1,1,1,0,1,0,0,1,1,0,1,0,0,1,1,0,1,0,0,1,0,0,1,0,0,1,0,1,1,0,0,1,0,1,0,0,0,1,0,1,0,1,0,1,0,1,0,1,0,1,0,1,0,1,0,1,0,1,0,1,0,1,1,1,0,1,0,1,1,0,0,1,0,1,1,0,1,1,0,1,1,0,1,0,0,1,1,0,1,0,0,1,1,0,1,0,0,0,1,0,1]	pk=2	len=153
9:35:14 AM	SIG#31–39	[1,1,0,1,1,0,1,0,1,0,1,1,0,1,0,1,1,0,1,1]	pk=1	len=undefined
9:35:13 AM	SIG#30	[1,1,0,2,0,0,1,1,0,2,1,0,1,1,0,2,1,0,1,1,0,2,1,0,1,1,0,2,1,0,1,1,0,2,1,0,1,1,1,2,1,0,1,1,1,0,1,0,1,1,1,0,0,0,1,1,1,0,0,0,1,1,1]	pk=2	len=63
9:35:01 AM	SIG#29	[1,0,0,0,1,0,1,0,0,0,1,1,1,0,0,0,1,1]	pk=1	len=18
9:34:56 AM	SIG#28–28	[1]	pk=1	len=undefined
9:34:55 AM	SIG#27	[1,1,0,0,1,0,1,1,0,0,1,1,1,1,0,0,1,1,1,1,0,0,1,1,1,0,0,0,1,1,1,0,0,0,1,1,1,0,0,0,1,1,1,0,0,0,1,1,1,0,0,0,1,0,1,0,0,0,1]	pk=1	len=59
9:34:38 AM	SIG#22–26	[1,0,1,1,0,1,1,0,0,1,1,0,1,1]	pk=1	len=undefined
9:34:37 AM	SIG#21	[1,0,0,2,0,0,1,0,0,2,0,0,1,0,0,2,0,1,1,0,0,2,0,1,0,0,0,2,0,1,0,0,0,2,0,1,0,0,0,2,0,1]	pk=2	len=42
9:34:25 AM	SIG#17–20	[1,0,1,1,0,1,0,0,1]	pk=1	len=undefined
9:34:24 AM	SIG#16	[1,0,1,0,0,0,1,0,1,0,0,0,1,0,1,0,0,0,1,0,1,0,0,0,1,0,1]	pk=1	len=27
9:34:15 AM	SIG#12–15	[1,0,0,1,0,1,1,0,1]	pk=1	len=undefined
9:34:15 AM	SIG#11	[1,0,0,1,0,0,1,0,0,1,0,0,1,0,0,1,0,0,1,0,0,1]	pk=1	len=22
9:34:10 AM	SIG#10	[1,0,0,0,1,0,1,0,0,0,1,0,1,0,0,0,1]	pk=1	len=17
9:34:06 AM	SIG#9–9	[1]	pk=1	len=undefined
9:34:05 AM	SIG#8	[2,1,0,0,0,1,2,1,0,0,0,1,0,1,0,0,0,1]	pk=2	len=18
9:33:51 AM	SIG#1–7	[1,2,0,2,0,0,0,2,0,0,2,1,0,2,1,0,2,1,0,2,1]	pk=2	len=undefined
9:30:33 AM	SIG#475	[1,0,0,1,0,0,1,0,0,1,0,0,1,0,0,1,0,1,1,0,0,1,0,1,0,0,0,1,0,1,0,1,0,1,0,1,0,1,0,1,0,1,0,1,0,0,0,1,0,1,0,0,0,1,0,1]	pk=1	len=56
9:29:56 AM	SIG#463–474	[1,0,1,0,0,0,0,0,0,0,0,0,0,0,0,2,0,0,2,2,0,2,2,0,2,2,0,2,2,2,2,0,2,2,0,1,2,0,1,0,1]	pk=2	len=undefined
9:29:55 AM	SIG#462	[1,0,1,0,0,0,1,0,1,0,0,0,1,0,1,0,0,0,1,0,1,0,0,1,1,0,1,0,0,1,0,0,1,0,0,1,0,1,1,0,0,1,0,1,0,0,0,1,0,1,0,0,0,1,0,1,0,0,0,1,0,1]	pk=1	len=62
9:29:34 AM	SIG#457–461	[2,1,0,2,1,0,0,1,0,0,0,1,0,1]	pk=2	len=undefined
9:29:34 AM	SIG#456	[1,0,1,0,0,0,1,0,1,1,0,0,1,0,1,1,0,0,1,0,1,1,0,1,1,0,1,1,0,1,1,0,1,1,0,1,1,0,1,1,0,1,1,0,1,1,0,1,1,0,1,1,0,1,1,0,1,1,0,1,1,0,1,1,0,2,1,0,1,1,0,2,1,0,1,1,0,2,1,0,1,1,0,2,1,0,0,1,0,2,1]	pk=2	len=91
9:29:09 AM	SIG#452–455	[1,1,0,1,0,0,0,0,1,0,0,1]	pk=1	len=undefined
9:29:08 AM	SIG#451	[1,1,1,0,0,0,1,1,1,0,0,0,1,1,1,0,0,0,1,1,1,0,0,0,1,1,1]	pk=1	len=27
9:28:56 AM	SIG#445–450	[1,1,0,1,0,1,0,0,1,0,1,1]	pk=1	len=undefined
9:28:55 AM	SIG#444	[1,0,0,0,1,0,1,0,0,0,1,0,1,0,0,0,1]	pk=1	len=17
9:28:50 AM	SIG#443	[1,0,1,0,0,0,1,0,1,0,0,0,1,0,1,0,2,0,1,0,1,0,2,0,1,0,1,0,2,0,1,0,1,0,2,0,1,0,1,0,2,0,1,0,1,0,2,0,1,0,1,0,2,0,1,0,1,0,0,0,1,0,1,0,0,1,1,0,1,0,0,1,0,0,1,0,0,1,0,0,1,0,0,1]	pk=2	len=84
9:28:20 AM	SIG#436–442	[1,1,0,1,1,1,1,0,1,1,0,1,0,0,0,0,0,0,0,0,1,0,1]	pk=1	len=undefined
9:28:19 AM	SIG#435	[1,0,0,0,1,0,1,0,0,0,1,1,1,0,0,0,1,1]	pk=1	len=18
9:27:58 AM	SIG#420–434	[1,1,1,1,0,1,1,0,1,0,1,0,1,1,0,0,1,1,0,1,1,0,1,1,1,1,0,1,1,0,1,1,0,1,0,1,0,1]	pk=1	len=undefined
9:27:57 AM	SIG#419	[1,1,0,1,0,0,1,1,0,1,1,0,1,1,0,1,1,1,1,1,0,1,1,1,0,1,0,1,1,1,0,0,0,1,1,1,0,0,1,1,1,1,0,0,1,1,1,1,0,0,1,1,0,1,0,0,1,1]	pk=1	len=58
9:27:41 AM	SIG#414–418	[1,0,1,0,1,0,0,1,1,0,1,1]	pk=1	len=undefined
9:27:40 AM	SIG#413	[1,0,0,1,0,0,1,0,0,1,0,0,1,0,0,1,0,0,1,0,0,1,0,0,1,0,0,1,0,0,1,1,0,1,0,0,1,1,0,1,0,0,1,1,0,1,0,0,1,1,0,1,0,0,1,1,0,1,0,0,1,1,0,1,0,0,2,1,0,1,0,0,2,0,0,1,0,0,2,0,1,1,0,0,2,0,1,0,0,0,2,0,1,0,0,0,2,0,1,0,0,0,2,0,1]	pk=2	len=105
9:27:10 AM	SIG#408–412	[2,0,2,0,0,0,0,0,0,1,0,1,0,0,1]	pk=2	len=undefined
9:27:08 AM	SIG#407	[1,1,1,0,0,0,1,1,1,0,0,0,1,1,1,0,2,0,1,1,1,0,2,0,1,1,1,0,2,0,0,1,1,0,2,0,0,0,1,0,2]	pk=2	len=41
9:26:38 AM	SIG#402–406	[1,0,1,0,0,1,0,0,0,0,0,0,0,0,0,0,0,0,1,0,1,1]	pk=1	len=undefined
9:26:38 AM	SIG#401	[1,1,1,0,0,0,1,1,1,1,0,0,1,1,1,1,0,0,1,1,1,1,0,1,1,1,1,1,0,1,0,1,1,1,0,1,0,1,1,1,0,1,0,1,0,1,0,1,0,1,0,0,0,1,0,1,0,0,1,1,0,1,0,0,1,0,0,1,0,0,1,0,0,1,0,0,1,0,0,1,0,0,1,0,0,1,0,0,1,0,0,1,0,0,1,0,0,1]	pk=1	len=98
9:26:07 AM	SIG#391–400	[1,1,0,1,1,0,0,1,0,1,0,1,1,0,1,0,1,0,0,1,0,1,1]	pk=1	len=undefined
9:26:05 AM	SIG#390	[1,1,1,0,0,0,1,1,1,0,0,0,1,1,1,0,0,0,1,1,1,0,0,0,1,1,1]	pk=1	len=27
9:25:34 AM	SIG#377–389	[2,0,2,0,2,0,0,0,0,0,1,0,1,1,0,1,1,0,0,1,1,0,1,1,1,1,0,1,1,0,1,0,0,0,0,0,0,0,0,0,0,1,0,0,1,1]	pk=2	len=undefined
9:25:34 AM	SIG#376	[1,0,0,2,0,0,1,0,0,2,0,0,1,0,0,2,0,0,1,0,0,2]	pk=2	len=22
9:25:10 AM	SIG#363–375	[1,0,1,0,1,0,0,0,1,0,1,0,1,0,1,1,0,0,1,0,1,0,0,0,0,1,0,1,0,1]	pk=1	len=undefined
9:25:10 AM	SIG#362	[1,0,0,1,0,0,1,0,0,1,0,0,1,0,0,1,0,0,1,0,0,1,0,0,1,0,0,1,0,0,1,0,0,1,0,0,1,0,0,1,0,0,1]	pk=1	len=43
9:24:48 AM	SIG#357–361	[1,0,0,1,0,0,0,0,0,0,0,1,0,0,1,0,1]	pk=1	len=undefined
9:24:48 AM	SIG#356	[1,0,1,0,0,0,1,0,1,0,0,0,1,0,1,0,0,0,1,0,1,0,0,0,1,0,1]	pk=1	len=27
9:24:40 AM	SIG#353–355	[2,0,1,2,0,1]	pk=2	len=undefined
9:24:39 AM	SIG#352	[2,0,2,0,0,0,2,0,2,0,0,0,2,0,2,0,0,0,2,0,2,0,0,0,2,0,2]	pk=2	len=27
9:24:03 AM	SIG#335–351	[1,1,0,1,0,0,0,0,1,0,1,0,1,0,1,1,0,1,0,1,1,0,1,0,1,0,1,1,0,1,0,1,0,0,0,0,0,0,0,0,0,0,0,2,0,2]	pk=2	len=undefined
9:24:02 AM	SIG#334	[2,1,1,0,0,0,2,1,1,0,0,0,2,1,1,0,0,0,2,1,1,0,0,0,2,1,1]	pk=2	len=27
9:23:51 AM	SIG#328–333	[1,1,0,1,0,0,1,0,2,0,0,2,1]	pk=2	len=undefined
9:23:49 AM	SIG#327	[1,1,0,0,0,1,1,1,0,0,0,1,0,1,0,0,0,1]	pk=1	len=18
9:23:26 AM	SIG#313–326	[1,0,1,0,1,0,0,0,0,0,0,1,0,1,0,1,0,0,1,1,0,1,0,1,1,0,0,1,1,0,1,1,0,0,1,1,0,1,1]	pk=1	len=undefined
9:23:26 AM	SIG#312	[1,0,1,0,0,0,1,0,1,0,0,0,1,0,1,0,2,0,1,0,1,0,2,0,1,0,1,0,2,0,0,0,1,0,2,0,0,1,1,0,2,0,0,1,0,0,2,0,0,1,0,0,2,0,0,1,0,0,1,0,0,1,0,0,1,0,0,1,0,0,1,0,0,1,0,0,1]	pk=2	len=77
9:23:06 AM	SIG#308–311	[1,1,0,0,1,0,1,0,1]	pk=1	len=undefined
9:23:05 AM	SIG#307	[1,1,1,0,0,0,1,1,1,1,0,0,1,1,1,1,0,0,1,1,1,1,0,0,1,1,1,1,0,0,0,1,1,1]	pk=1	len=34
9:22:53 AM	SIG#302–306	[1,0,1,0,0,1,0,1,0,1,1]	pk=1	len=undefined
9:22:53 AM	SIG#301	[1,0,0,1,0,0,1,0,0,1,0,0,1,0,0,1,0,0,1,0,0,1]	pk=1	len=22
9:22:44 AM	SIG#297–300	[1,0,1,1,0,1,0,1]	pk=1	len=undefined
9:22:41 AM	SIG#296	[1,0,1,0,0,0,1,0,1,0,0,0,1,0,1,0,0,0,1,0,1,0,0,0,1,0,1]	pk=1	len=27
9:22:32 AM	SIG#292–295	[2,0,2,0,0,0,1,0,1]	pk=2	len=undefined
9:22:30 AM	SIG#291	[1,0,2,0,0,0,1,0,2,0,0,0,1,0,2,0,0,0,1,0,2,0,0,0,1,0,2]	pk=2	len=27
9:22:15 AM	SIG#285–290	[1,1,0,1,0,1,0,0,0,0,0,0,1,0,0,1]	pk=1	len=undefined
9:22:14 AM	SIG#284	[1,1,0,0,0,1,1,1,0,0,0,1,0,1,0,0,0,1]	pk=1	len=18
9:22:03 AM	SIG#278–283	[1,0,1,1,0,1,1,0,1,1,0,0,1,1,0,1,1]	pk=1	len=undefined
9:22:02 AM	SIG#277	[1,0,1,0,0,0,1,0,1,0,0,0,1,0,1,0,0,0,1,0,1,0,0,0,1,0,1]	pk=1	len=27
9:21:51 AM	SIG#272–276	[1,0,1,0,1,0,1,0,0,1]	pk=1	len=undefined
9:21:51 AM	SIG#271	[2,0,0,1,0,0,2,0,0,1,0,0,2,0,0,1,0,0,2,0,0,1]	pk=2	len=22
9:21:41 AM	SIG#267–270	[1,0,0,2,1,0,2,0,2]	pk=2	len=undefined
9:21:40 AM	SIG#266	[1,0,1,0,0,0,1,0,1,0,0,0,1,0,1,0,0,0,1,0,1,0,0,0,1,0,1]	pk=1	len=27
9:21:30 AM	SIG#262–265	[1,0,0,1,0,0,1,0,1]	pk=1	len=undefined
9:21:29 AM	SIG#261	[1,1,0,0,1,0,1,1,0,0,1,0,1,1,0,0,1,0,0,1,0,0,1,0,0,1,0,0,1,0,0,1,0,0,1,0,0,1,0,1,1,0,0,1,0,1,0,0,0,1,0,1,0,1,0,1,0,1,0,1,0,1,0,1,0,1,0,0,0,1,0,1,0,0,0,1,0,1]	pk=1	len=78
9:21:15 AM	SIG#260–260	[1,1]	pk=1	len=undefined
9:21:14 AM	SIG#259	[1,2,1,0,0,0,1,2,1,1,0,0,1,2,1,1,0,0,1,2,1,1,0,0,1,2,1,1,0,0,0,2,1,1,0,0,0,1,1,1,0,0,0,1,1,1,0,0,0,1,1]	pk=2	len=51
9:20:49 AM	SIG#255–258	[1,1,0,1,0,0,0,0,0,0,0,0,0,0,0,0,1,0,1,2]	pk=2	len=undefined
9:20:48 AM	SIG#254	[2,1,1,0,0,0,2,1,1,1,0,0,2,1,1,1,0,0,2,1,1,1,0,0,2,1,1,1,0,0,0,1,1,1]	pk=2	len=34
9:20:26 AM	SIG#243–253	[1,1,0,1,0,0,1,0,1,0,1,0,1,1,0,1,0,1,0,0,0,0,0,2,0,0,2,1]	pk=2	len=undefined
9:20:24 AM	SIG#242	[1,1,1,0,0,0,1,1,1,0,0,0,1,1,1,0,0,0,1,1,1,0,0,0,1,1,1]	pk=1	len=27
9:20:13 AM	SIG#238–241	[2,1,0,1,0,0,0,1,0,1,1]	pk=2	len=undefined
9:20:12 AM	SIG#237	[2,2,1,0,0,0,2,2,1,0,0,0,2,2,1,0,0,0,2,2,1,0,0,0,2,2,1]	pk=2	len=27
9:19:44 AM	SIG#226–236	[1,1,0,0,1,0,0,0,0,0,0,1,0,1,0,1,0,1,1,0,0,1,0,1,0,0,0,0,0,0,2,0,2,2]	pk=2	len=undefined
9:19:44 AM	SIG#225	[1,0,0,0,1,0,1,0,0,0,1,1,1,0,0,0,1,1,1,0,0,0,1,1,1,0,0,0,1,1,1,0,0,0,1,1,1,0,0,0,1,1,1]	pk=1	len=43
9:19:17 AM	SIG#212–224	[2,1,0,2,1,0,0,2,2,0,2,2,0,0,2,2,0,2,2,2,2,0,2,2,0,2,0,0,0,0,0,1,0,1,0,0,1,0,1]	pk=2	len=undefined
9:19:15 AM	SIG#211	[1,0,0,2,0,0,1,0,0,2,2,0,1,0,0,2,2,1,1,0,0,2,2,1,0,0,0,2,2,1,0,0,0,2,2,1,0,0,0,2,2,1]	pk=2	len=42
9:19:07 AM	SIG#210	[1,0,0,0,1,0,1,0,0,0,1,0,1,0,0,0,1]	pk=1	len=17
9:19:04 AM	SIG#209	[1,0,0,1,0,0,1,0,0,1,0,0,1,0,0,1,0,0,1,0,0,1,0,0,1,0,0,1,0,0,1,0,0,1,0,0,1,0,0,1,0,0,1]	pk=1	len=43
9:18:49 AM	SIG#204–208	[2,1,0,1,0,1,0,1,0,1]	pk=2	len=undefined
9:18:48 AM	SIG#203	[1,0,0,2,0,0,1,0,0,2,0,0,1,0,0,2,0,0,1,0,0,2,0,0,1,0,0,2,0,0,1,0,0,2,0,0,1,0,0,2,0,0,1,0,0,2,0,0,1,0,0,2,2,0,1,0,0,2,2,1,1,0,0,2,2,1,0,0,0,2,2,1,0,0,0,2,2,1,0,0,0,2,2,1]	pk=2	len=84
9:18:25 AM	SIG#198–202	[1,0,1,0,0,0,0,0,1,0,1,0,1]	pk=1	len=undefined
9:18:23 AM	SIG#197	[2,1,1,0,0,0,2,1,1,0,0,0,2,1,1,0,1,0,2,1,1,0,1,0,2,1,1,0,1,0,0,1,1,0,1,0,0,0,1,0,1]	pk=2	len=41
9:18:10 AM	SIG#192–196	[1,1,0,1,1,0,1,0,2,0,0,2,1]	pk=2	len=undefined
9:18:10 AM	SIG#191	[1,0,1,0,0,0,1,0,1,1,0,0,1,0,1,1,0,0,1,0,1,1,0,0,1,0,1,1]	pk=1	len=28
9:17:59 AM	SIG#187–190	[1,0,1,0,1,0,0,1]	pk=1	len=undefined
9:17:58 AM	SIG#186	[2,1,0,0,0,1,2,1,0,0,0,1,0,1,0,0,0,1,0,1,0,0,0,1,0,1,0,0,0,1,0,1,0,2,0,1,0,1,0,2,0,1,0,1,0,2,0,1,0,1,0,2,0,1,0,1,0,2,0,1,0,1,0,2,0,1,0,1,0,2,0,1,0,1,0,0,0,1,0,1,0,0,0,1,0,1,0,0,0,2,0,1,0,0,0,2,0,1,0,0,0,2,0,1,0,0,0,2,0,1,2,0,0,2,0,1,2,0,0,2,0,1,2,0,1,2,0,1,2,0,1,0,0,1,2,0,1,0,0,1,2,0,1,0,0,0,2,0,1]	pk=2	len=149
9:17:30 AM	SIG#185	[1,0,0,1,0,0,1,0,0,1,0,0,1,0,0,1,0,1,1,0,0,1,0,1,1,0,0,1,0,1,1,0,0,1,0,1,1,0,2,1,0,1,1,0,2,1,0,1,1,0,2,1,0,1,1,0,2,1,0,0,1,0,2,1]	pk=2	len=64
9:17:17 AM	SIG#184	[1,2,2,0,0,0,1,2,2,0,0,0,1,2,2,0,0,0,1,2,2,0,0,0,1,2,2,0,0,0,1,2,2,0,0,0,1,0,2,0,0,0,1]	pk=2	len=43
9:17:05 AM	SIG#180–183	[1,0,1,0,0,1,0,1,2]	pk=2	len=undefined
9:17:03 AM	SIG#179	[1,2,0,1,0,0,1,2,0,1,0,0,1,2,0,1,0,0,1,2,0,1,0,0,0,2,0,1]	pk=2	len=28
9:16:54 AM	SIG#175–178	[2,0,0,1,2,0,1,2,0,1,2]	pk=2	len=undefined
9:16:52 AM	SIG#174	[1,2,0,2,0,0,1,2,0,2,0,0,1,2,0,2,0,0,1,2,0,2,0,0,0,2,0,2]	pk=2	len=28
9:16:47 AM	SIG#173	[1,0,0,0,1,0,1,0,0,0,1,1,1,0,0,0,1,1,1,0,0,0,1,1,1,1,0,0,1,1,1,1,0,0,1,1,1,1,0,1,1,1,1,1,0,1,0,1,1,1,0,1,0,1,1,1,0,1,0,1,0,1,0,1,0,1,0,0,0,1,0,1,0,0,0,1,0,1,0,0,0,1,0,1,0,0,0,1,2,1,0,0,0,1,2]	pk=2	len=95
9:16:29 AM	SIG#172–172	[1]	pk=1	len=undefined
9:16:27 AM	SIG#171	[1,1,1,0,0,0,1,1,1,2,0,0,1,1,1,2,1,0,1,1,1,2,1,0,1,1,1,2,1,0,0,1,1,2,1,0,0,0,1,2,1,0,0,0,1,2,1,0,0,0,1,0,1,0,0,0,1]	pk=2	len=57
9:16:10 AM	SIG#167–170	[1,0,0,1,0,0,1,0,1,1]	pk=1	len=undefined
9:16:09 AM	SIG#166	[1,0,1,0,0,0,1,0,1,0,0,0,1,0,1,0,0,0,1,0,1,0,0,0,1,0,1]	pk=1	len=27
9:15:57 AM	SIG#162–165	[1,1,0,1,0,0,0,0,1,0,1]	pk=1	len=undefined
9:15:56 AM	SIG#161	[1,1,0,1,0,0,1,1,0,1,0,0,1,1,0,1,0,0,1,1,0,1,0,0,1,1,0,1,0,0,1,1,0,1,0,0,1,1,1,1,0,0,1,1,1,0,0,0,1,1,1,0,0,0,1,1,1,0,0,0,1,1,1]	pk=1	len=63
9:15:32 AM	SIG#154–160	[1,1,0,1,0,0,1,0,0,0,0,0,0,1,0,1,1,0,1,1]	pk=1	len=undefined
9:15:31 AM	SIG#153	[1,0,0,0,1,0,1,0,0,0,1,0,1,0,0,0,1]	pk=1	len=17
9:15:28 AM	SIG#152	[1,0,0,1,0,0,1,0,0,1,1,0,1,0,0,1,1,0,1,0,0,1,1,0,1,0,0,1,1,0,1,1,0,1,1,0,1,1,0,1,1,0,1,1,0,0,1,0,1,1,0,0,1,0,1,1,0,0,1,0,1,1,0,0,1,0,0,1,0,0,1]	pk=1	len=71
9:15:14 AM	SIG#151	[1,0,0,0,1,0,1,0,0,0,1,0,1,0,0,0,1]	pk=1	len=17
9:14:54 AM	SIG#137–150	[1,1,0,1,0,1,1,0,1,0,0,1,0,1,1,0,0,1,0,1,0,0,1,0,1,0,1,0,1]	pk=1	len=undefined
9:14:53 AM	SIG#136	[1,0,0,0,1,0,1,0,0,0,1,0,1,0,0,0,1]	pk=1	len=17
9:14:42 AM	SIG#129–135	[1,1,0,1,0,1,1,0,1,0,0,1,0,1]	pk=1	len=undefined
9:14:41 AM	SIG#128	[1,0,1,0,0,0,1,0,1,0,0,0,1,0,1,0,1,0,1,0,1,0,1,0,1,0,1,0,1,0,0,0,1,0,1,0,0,0,1,0,1,0,0,0,1,0,1,0,0,0,1,0,1,0,0,0,1,0,1,0,0,0,1,0,1,0,0,0,1,0,1,0,0,0,1,0,1,0,0,1,1,0,1,0,0,1,0,0,1,0,0,1,0,1,1,0,0,1,0,1,1,0,0,1,0,1,1,0,0,1,0,1,1,0,2,1,0,1,1,0,2,0,0,1,1,0,2,0,0,1,1,0,2,0,0,0,1,0,2,0,0,0,1,0,2,0,0,0,1,0,2,0,0,0,1]	pk=2	len=155
9:13:58 AM	SIG#117–127	[1,1,0,1,1,0,1,0,0,1,0,1,0,1,0,1,1,0,1,0,1,1,0,1]	pk=1	len=undefined
9:13:58 AM	SIG#116	[1,1,0,1,0,0,1,1,0,1,0,0,1,1,0,1,0,1,1,1,0,1,0,1,1,1,0,1,0,1,1,0,0,1,0,1,1,0,0,1,0,1,1]	pk=1	len=43
9:13:40 AM	SIG#109–115	[1,2,1,2,0,1,2,0,2,0,0,0,0,1,0,1,1,0,1,1]	pk=2	len=undefined
9:13:39 AM	SIG#108	[1,1,0,0,1,0,1,1,0,0,1,1,1,1,0,0,1,1,1,1,0,0,1,1,1,0,0,0,1,1,1,0,1,0,1,1,1,0,1,0,1,1,1,0,1,0,0,1,1,0,1,0,0,1,1,0,1,0,0,1,0,0,1,0,0,1,0,0,1,0,0,1,0,0,1,0,0,1,0,0,1,2,0,1,0,0,1,2,0,1,0,0,1,2]	pk=2	len=94
9:13:03 AM	SIG#101–107	[3,1,0,3,1,0,1,0,0,0,0,0,0,0,0,0,0,0,1,0,1,1,0,1,1,0,1,1]	pk=3	len=undefined
9:13:03 AM	SIG#100	[1,1,0,0,1,0,1,1,0,0,1,0,1,1,0,0,1,0,3,1,0,0,1,0,3,1,0,0,1,0,3,1,0,0,1,0,3,1,0,0,1,0,3,1]	pk=3	len=44
9:12:48 AM	SIG#95–99	[2,0,1,2,0,0,1,1,0,1,1,0,1,1]	pk=2	len=undefined
9:12:46 AM	SIG#94	[1,0,0,1,0,0,1,0,0,1,0,0,1,0,0,1,0,0,1,0,0,1,0,0,1,0,0,1,0,0,1,0,0,1,0,0,1,0,2,1,0,0,1,0,2,0,0,0,1,0,2,0,0,0,1,0,2,0,0,0,1,0,2]	pk=2	len=63
9:11:39 AM	SIG#60–93	[1,1,0,1,1,0,0,2,1,0,2,0,2,0,2,2,0,2,0,2,0,0,0,0,0,1,0,0,0,0,0,0,0,0,1,1,1,1,1,1,1,1,1,1,1,1,0,1,0,0,0,0,0,0,1,0,1,0,1,0,1,1,0,1,0,1,0,0,0,0,1,0,1,0,1,0,1,1,0,1,0,1,0,0,0,0,0,0,0,0,0,1,0,1,0,0,1]	pk=2	len=undefined
9:11:39 AM	SIG#59	[1,0,0,1,0,0,1,0,0,1,0,0,1,0,0,1,0,0,1,0,0,1,0,0,1,0,0,1,0,0,1,0,0,1,0,0,1,0,2,1,0,0,1,0,2,0,0,0,1,0,2,0,1,0,1,0,2,0,1,1,1,0,2,0,1,1,0,0,2,0,1,1,0,0,2,0,1,1]	pk=2	len=78
9:11:18 AM	SIG#53–58	[1,1,1,1,0,1,1,0,1,1,0,1,0,1]	pk=1	len=undefined
9:11:16 AM	SIG#52	[1,0,0,1,0,0,1,0,0,1,1,0,1,0,0,1,1,0,1,0,0,1,1]	pk=1	len=23
9:10:56 AM	SIG#40–51	[1,0,1,1,0,1,1,0,1,1,0,1,1,0,1,1,1,1,0,0,1,1,0,1,0,0,0,0,0,1,0,1,0,1]	pk=1	len=undefined
9:10:55 AM	SIG#39	[1,0,1,0,0,0,1,0,1,0,0,0,1,0,1,0,0,0,1,0,1,0,0,0,1,0,1]	pk=1	len=27
9:10:45 AM	SIG#35–38	[1,0,1,0,0,1,0,1]	pk=1	len=undefined
9:10:44 AM	SIG#34	[3,0,1,0,0,0,3,0,1,0,0,0,3,0,1,0,0,0,3,0,1,0,0,0,3,0,1]	pk=3	len=27
9:10:26 AM	SIG#30–33	[1,0,1,0,0,0,0,0,0,0,0,0,0,0,3,0,3]	pk=3	len=undefined
9:10:25 AM	SIG#29	[1,1,0,0,1,0,1,1,0,0,1,0,1,1,0,0,1,0,2,1,0,0,1,0,2,0,0,0,1,0,2,0,0,0,1,0,2,0,0,1,1,0,2,0,0,1,1,0,2,0,0,1,1,1,2,0,0,1,1,1,0,0,0,1,1,1,0,0,0,1,1,1,0,0,1,1,1,1,0,0,1,0,1,1,0,0,1,0,1,1,0,0,1,0,1,0,0,0,1,0,1,0,0,0,1,0,1,0,0,0,1,0,1]	pk=2	len=113
9:10:04 AM	SIG#28	[2,0,0,2,0,0,2,0,0,2,0,0,2,0,0,2,0,1,2,0,0,2,0,1,1,0,0,2,0,1,1,0,0,2,0,1,1,0,0,2,0,1,1,0,0,1,0,1,1,0,0,1,1,1,1,0,0,1,1,0,1,0,0,1,1]	pk=2	len=65
9:09:51 AM	SIG#27	[1,0,0,0,2,0,1,0,0,0,2,0,1,0,0,0,2]	pk=2	len=17
9:09:47 AM	SIG#26	[2,0,0,1,0,0,2,0,0,1,0,0,2,0,0,1,0,0,2,0,0,1]	pk=2	len=22
9:09:13 AM	SIG#1–25	[1,0,1,0,1,0,1,1,0,1,0,1,0,0,2,0,2,1,0,2,1,0,2,1,0,2,1,2,1,0,2,1,0,1,0,0,1,0,0,1,0,1,0,1,1,0,1,0,1,0,0,2,0,2,0,0,2]	pk=2	len=undefined
9:06:45 AM	SIG#10190	[2,1,0,0,1,0,2,1,0,0,1,0,2,1,0,0,1,0,0,1,0,0,1]	pk=2	len=23
9:06:24 AM	SIG#10176–10189	[1,1,0,1,0,1,0,0,0,1,0,0,1,0,1,0,1,1,0,1,0,2,1,0,2,1,0,2,1,0,2,1]	pk=2	len=undefined
9:06:22 AM	SIG#10175	[1,2,2,0,0,0,1,2,2,1,0,0,1,2,2,1,0,0,1,2,2,1,0,2,1,2,2,1,0,2,1,2,2,1,0,2,1,1,2,1,0,2,1,1,0,1,0,2,1,1,0,0,0,2,1,1,0,0,0,2,1,1,0,0,0,1,1,1,0,0,0,1,0,1,0,0,0,1]	pk=2	len=78
9:05:55 AM	SIG#10163–10174	[2,2,0,2,0,2,0,0,1,0,1,0,1,0,1,1,0,1,0,0,1,1,0,1,2]	pk=2	len=undefined
9:05:54 AM	SIG#10162	[1,0,0,0,2,0,1,0,0,0,2,0,1,0,0,0,2]	pk=2	len=17
9:05:50 AM	SIG#10161	[1,0,0,1,0,0,1,0,0,1,0,0,1,0,0,1,0,0,1,0,0,1]	pk=1	len=22
9:05:45 AM	SIG#10160	[1,0,1,0,0,0,1,0,1,0,0,0,1,0,1,0,0,0,1,0,1,0,0,0,1,0,1,0,0,0,1,0,1,0,0,0,1,0,1,0,0,0,1]	pk=1	len=43
9:05:19 AM	SIG#10154–10159	[1,1,1,1,0,0,1,1,0,1,0,0,0,0,0,0,0,0,0,0,0,0,1,0,0,1]	pk=1	len=undefined
9:05:18 AM	SIG#10153	[1,0,0,1,0,0,1,0,0,1,1,0,1,0,0,1,1,0,1,0,0,1,1]	pk=1	len=23
9:05:06 AM	SIG#10146–10152	[1,1,1,1,0,1,1,0,0,1,0,1,0,0,1,0,1]	pk=1	len=undefined
9:05:04 AM	SIG#10145	[1,1,0,1,0,0,1,1,0,1,1,0,1,1,0,1,1,0,1,1,0,1,1,0,0,1,0,1,1,0,0,1,0,1,1,0,0,1,1,1,1,0,0,1,1,0,1,0,0,1,1]	pk=1	len=51
9:04:49 AM	SIG#10140–10144	[1,0,1,0,1,0,1,1,0,1,1]	pk=1	len=undefined
9:04:48 AM	SIG#10139	[1,0,2,0,0,0,1,0,2,0,0,0,1,0,2,0,1,0,1,0,2,0,1,0,1,0,2,0,1,0,0,0,2,0,1,0,0,0,2,0,1]	pk=2	len=41
9:04:37 AM	SIG#10136–10138	[1,0,1,1,0,1]	pk=1	len=undefined
9:04:36 AM	SIG#10135	[2,0,1,0,0,0,2,0,1,0,0,0,2,0,1,0,0,0,2,0,1,0,0,0,2,0,1]	pk=2	len=27
9:04:26 AM	SIG#10131–10134	[1,1,0,1,0,0,2,0,2]	pk=2	len=undefined
9:04:25 AM	SIG#10130	[1,1,0,0,1,0,1,1,0,0,1,0,1,1,0,0,1,0,2,1,0,0,1,0,2,0,0,0,1,0,2,0,0,0,1,0,2,0,0,1,1,0,2,0,0,1,0,0,2,0,0,1,0,0,2,0,0,1,0,0,1,0,0,1,0,0,1,0,0,1,0,0,1,0,0,1,0,0,1,0,0,1,0,0,1,0,0,1,0,0,1,0,0,1,0,0,1,0,0,1,0,0,1,0,0,1,0,0,1,0,0,1,0,0,1,0,0,1,0,0,1,0,0,1,0,0,1,0,0,1,0,0,1,0,0,1,0,1,1,0,0,1,0,1,1,0,0,1,0,1,1,1,0,1,0,1,1,1,1,1,0,1,1,1,1,0,0,1,1,1,1,0,0,1,1,1,1,0,0,0,1,1,1,0,0,0,1,1,1,0,0,0,1,0,1,0,0,0,1,0,1,0,0,0,1,0,1,1,0,0,1,0,1,1,1,0,1,0,1,1,1,0,1,0,1,1,1,0,0,0,1,1,1,0,0,0,1,1,1]	pk=2	len=239
9:03:40 AM	SIG#10129–10129	[1,1]	pk=1	len=undefined
9:03:38 AM	SIG#10128	[1,0,1,0,0,0,1,0,1,0,0,0,1,0,1,0,0,0,1,0,1,0,0,0,1,0,1,0,0,0,1,0,1,0,0,0,1,1,1,0,0,0,1,1]	pk=1	len=44
9:03:25 AM	SIG#10124–10127	[2,0,2,0,1,0,1]	pk=2	len=undefined
9:03:24 AM	SIG#10123	[1,0,2,0,0,0,1,0,2,0,0,0,1,0,2,0,0,0,1,0,2,0,0,0,1,0,2]	pk=2	len=27
9:03:13 AM	SIG#10117–10122	[1,1,0,1,0,1,0,1,0,1]	pk=1	len=undefined
9:03:12 AM	SIG#10116	[2,0,0,0,1,0,2,0,0,0,1,0,2,0,0,0,1]	pk=2	len=17
9:03:02 AM	SIG#10110–10115	[1,2,0,1,2,0,0,2,2,0,2,0,2,0,2]	pk=2	len=undefined
9:03:01 AM	SIG#10109	[1,0,1,0,0,0,1,0,1,1,0,0,1,0,1,1,1,0,1,0,1,1,1,1,1,0,1,1,1,1,0,0,1,1,1,1,0,0,1,1,1,1,0,0,1,1,1,1,0,0,1,2,1,1,0,0,1,2,0,1,0,0,1,2,0,1,0,0,1,2,0,1,0,0,1,2,0,1,0,0,1,2,0,1,0,0,2,2,0,1,0,0,2,0,0,1,0,0,2,0,1,1,0,0,2,0,1,0,0,0,2,0,1,0,1,0,2,0,1,0,1,2,2,0,1,0,1,2,0,0,1,0,1,2,0,0,1,0,1,2]	pk=2	len=140
9:02:18 AM	SIG#10105–10108	[1,1,0,1,0,0,0,0,0,0,0,0,0,0,0,0,1,0,1]	pk=1	len=undefined
9:02:17 AM	SIG#10104	[1,0,0,1,0,0,1,0,0,1,1,0,1,0,0,1,1,1,1,0,0,1,1,1,0,0,0,1,1,1,0,0,0,1,1,1,0,0,0,1,1,1]	pk=1	len=42
9:02:09 AM	SIG#10103	[1,1,0,0,0,1,1,1,0,0,0,1,0,1,0,0,0,1]	pk=1	len=18
9:01:57 AM	SIG#10096–10102	[1,1,0,0,1,1,0,1,1,0,0,1,1,0,1,1,0,1,1,0,1,1]	pk=1	len=undefined
9:01:57 AM	SIG#10095	[2,0,1,0,0,0,2,0,1,1,0,0,2,0,1,1,0,0,2,0,1,1,0,0,2,0,1,1]	pk=2	len=28
9:01:42 AM	SIG#10091–10094	[1,0,1,0,0,0,0,0,0,2,0,2]	pk=2	len=undefined
9:01:41 AM	SIG#10090	[1,2,0,1,0,0,1,2,0,1,0,0,1,2,0,1,0,0,1,2,0,1,0,0,0,2,0,1]	pk=2	len=28
9:01:36 AM	SIG#10089	[1,0,0,0,1,0,1,0,0,0,1,2,1,0,0,0,1,2]	pk=2	len=18
9:01:32 AM	SIG#10088–10088	[1]	pk=1	len=undefined
9:01:30 AM	SIG#10087	[2,0,0,0,1,0,2,0,0,0,1,0,2,0,0,0,1]	pk=2	len=17
9:01:21 AM	SIG#10082–10086	[1,1,0,2,1,0,2,0,0,2,0,2]	pk=2	len=undefined
9:01:20 AM	SIG#10081	[1,0,0,0,1,0,1,0,0,0,1,0,1,0,0,0,1,0,1,0,0,0,1,0,1,0,0,0,1,0,1,0,1,0,1,0,1,0,1,1,1,0,1,0,1,1,1,0,1,0,1,1,1,0,1,0,1,1,1,0,0,0,1,1,1,0,0,0,1,1,1]	pk=1	len=71
9:01:00 AM	SIG#10073–10080	[1,1,0,1,0,1,0,1,0,0,1,0,1,0,0,1]	pk=1	len=undefined
9:00:58 AM	SIG#10072	[1,0,0,0,1,0,1,0,0,0,1,0,1,0,0,0,1]	pk=1	len=17
9:00:43 AM	SIG#10066–10071	[1,0,1,0,0,0,0,0,0,1,0,1,0,0,1,0,1]	pk=1	len=undefined
9:00:41 AM	SIG#10065	[1,0,0,2,0,0,1,0,0,2,0,0,1,0,0,2,0,0,1,0,0,2,0,0,1,0,0,2,0,0,1,0,0,2,0,0,1,0,1,2,0,0,1,0,1,0,0,0,1,0,1,0,0,0,1,0,1,0,0,0,1,0,1,0,0,0,1,0,1,0,0,0,1,0,1,0,0,0,1,0,1,0,0,0,1,0,1,0,0,0,1,0,1,0,0,0,1,0,1,0,0,0,1,0,1]	pk=2	len=105
9:00:18 AM	SIG#10061–10064	[1,0,1,1,0,1,0,1]	pk=1	len=undefined
9:00:16 AM	SIG#10060	[2,1,0,1,0,0,2,1,0,1,0,0,2,1,0,1,0,1,2,1,0,1,0,1,0,1,0,1,0,1,0,0,0,1,0,1,0,0,0,1,0,1]	pk=2	len=42
9:00:09 AM	SIG#10059	[1,0,0,0,2,0,1,0,0,0,2,1,1,0,0,0,2,1]	pk=2	len=18
8:59:57 AM	SIG#10051–10058	[1,1,0,1,0,1,0,1,0,1,0,1,0,0,1]	pk=1	len=undefined
8:59:56 AM	SIG#10050	[2,0,2,0,0,0,2,0,2,0,0,0,2,0,2,0,0,0,2,0,2,0,0,0,2,0,2,0,0,0,1,0,2,0,0,0,1,0,2,0,0,0,1]	pk=2	len=43
8:59:42 AM	SIG#10045–10049	[2,0,2,0,2,0,2,0,2]	pk=2	len=undefined
8:59:41 AM	SIG#10044	[1,2,0,0,2,0,1,2,0,0,2,0,1,2,0,0,2,0,0,2,0,0,2]	pk=2	len=23
8:59:36 AM	SIG#10043	[1,1,0,0,2,0,1,1,0,0,2,0,1,1,0,0,2,0,0,1,0,0,2,0,0,1,0,0,2,0,0,1,2,0,2,0,0,1,2,0,2,0,0,1,2]	pk=2	len=45
8:59:17 AM	SIG#10036–10042	[1,0,1,0,1,0,0,0,0,0,1,0,1,1,0,1,1,0,1,1]	pk=1	len=undefined
8:59:17 AM	SIG#10035	[2,0,0,1,0,0,2,0,0,1,0,0,2,0,0,1,0,0,2,0,0,1]	pk=2	len=22
8:59:01 AM	SIG#10030–10034	[1,0,1,0,0,0,0,0,0,2,0,0,2,0,2]	pk=2	len=undefined
8:59:00 AM	SIG#10029	[1,0,1,0,0,0,1,0,1,0,0,0,1,0,1,0,0,0,1,0,1,0,0,2,1,0,1,0,0,2,0,0,1,0,0,2,0,1,1,0,0,2,0,1,0,0,0,2,0,1,0,1,0,2,0,1,0,1,0,2,0,1,0,1,0,1,0,1,0,1,0,1,0,1,0,1,0,1,0,0,0,1,0,1,0,0,0,1,0,1]	pk=2	len=90
8:58:37 AM	SIG#10025–10028	[1,0,1,0,0,0,0,0,1,0,1]	pk=1	len=undefined
8:58:36 AM	SIG#10024	[1,0,1,0,0,0,1,0,1,0,0,0,1,0,1,0,1,0,1,0,1,0,1,0,1,0,1,0,1,0,0,0,1,0,1,0,0,0,1,0,1]	pk=1	len=41
8:58:15 AM	SIG#10018–10023	[1,1,0,1,0,1,0,0,0,0,0,0,0,0,0,1,0,1]	pk=1	len=undefined
8:58:13 AM	SIG#10017	[1,0,0,0,1,0,1,0,0,0,1,0,1,0,0,0,1]	pk=1	len=17
8:58:10 AM	SIG#10016–10016	[1]	pk=1	len=undefined
8:58:09 AM	SIG#10015	[1,0,1,0,0,0,1,0,1,0,0,0,1,0,1,0,0,0,1,0,1,0,0,0,1,0,1,0,0,0,1,0,1,0,0,0,1,0,1,0,0,0,1]	pk=1	len=43
8:57:54 AM	SIG#10010–10014	[2,0,2,0,0,2,0,1,0,1]	pk=2	len=undefined
8:57:54 AM	SIG#10009	[1,0,0,1,0,0,1,0,0,1,0,0,1,0,0,1,0,0,1,0,0,1,0,0,2,0,0,1,0,0,2,0,0,1,0,0,2,0,0,1,0,0,2]	pk=2	len=43
8:57:45 AM	SIG#10008	[1,1,0,1,0,0,1,1,0,1,0,0,1,1,0,1,0,0,1,1,0,1,0,0,0,1,0,1,0,0,0,1,0,1,0,0,0,1,0,1,0,0,0,1]	pk=1	len=44
8:57:30 AM	SIG#10003–10007	[1,1,0,1,0,0,1,0,1,1,0,1,1]	pk=1	len=undefined
8:57:29 AM	SIG#10002	[1,0,0,0,1,0,1,0,0,0,1,1,1,0,0,0,1,1,1,0,0,0,1,1,1,1,0,0,1,1,1,1,0,0,1,1,1,1,0,0,1,1,1,1,0,0,0,1,1,1]	pk=1	len=50
8:57:19 AM	SIG#10001	[1,0,0,1,0,0,1,0,0,1,0,0,1,0,0,1,0,0,1,0,0,1]	pk=1	len=22
8:57:15 AM	SIG#10000	[2,0,0,0,1,0,2,0,0,0,1,0,2,0,0,0,1]	pk=2	len=17
8:57:05 AM	SIG#9993–9999	[2,2,0,2,0,2,2,0,2,0,2,0,2]	pk=2	len=undefined
8:57:04 AM	SIG#9992	[1,1,0,0,0,2,1,1,0,0,0,2,0,1,0,0,0,2]	pk=2	len=18
8:56:59 AM	SIG#9991–9991	[1,1]	pk=1	len=undefined
8:56:58 AM	SIG#9990	[1,0,0,1,0,0,1,0,0,1,1,0,1,0,0,1,1,0,1,0,0,1,1]	pk=1	len=23
8:56:53 AM	SIG#9989	[1,0,0,0,1,0,1,0,0,0,1,0,1,0,0,0,1]	pk=1	len=17
8:56:42 AM	SIG#9982–9988	[1,1,0,1,0,0,1,1,0,1,0,0,1,0,1]	pk=1	len=undefined
8:56:41 AM	SIG#9981	[1,0,0,0,1,0,1,0,0,0,1,0,1,0,0,0,1]	pk=1	len=17
8:56:22 AM	SIG#9969–9980	[1,0,1,0,0,0,1,0,1,0,1,0,1,1,0,0,1,0,1,1,0,1,0,0,1,0,1]	pk=1	len=undefined
8:56:21 AM	SIG#9968	[1,0,0,0,1,0,1,0,0,0,1,0,1,0,0,0,1,0,1,0,0,0,1,0,1,0,0,0,1,0,1,0,0,0,1,0,1,0,0,0,1,0,1]	pk=1	len=43
8:56:14 AM	SIG#9967–9967	[1]	pk=1	len=undefined
8:56:11 AM	SIG#9966	[1,0,0,0,1,0,1,0,0,0,1,0,1,0,0,0,1]	pk=1	len=17
8:55:56 AM	SIG#9960–9965	[1,0,1,0,0,0,0,0,0,0,1,0,1,0,1,0,0,1]	pk=1	len=undefined
8:55:55 AM	SIG#9959	[1,1,0,1,0,0,1,1,0,1,0,0,1,1,0,1,0,0,1,1,0,1,0,0,0,1,0,1]	pk=1	len=28
8:55:43 AM	SIG#9951–9958	[2,1,0,2,1,2,1,0,2,1,0,1,0,1,0,1,1,0,1,1]	pk=2	len=undefined
8:55:41 AM	SIG#9950	[1,0,0,0,2,0,1,0,0,0,2,1,1,0,0,0,2,1]	pk=2	len=18
8:55:28 AM	SIG#9941–9949	[1,3,0,1,3,1,3,0,0,1,3,0,3,0,1,0,1,0,0,1,0,1]	pk=3	len=undefined
8:55:27 AM	SIG#9940	[2,1,0,0,0,1,2,1,0,0,0,1,3,1,0,0,0,1,3]	pk=3	len=19
8:55:22 AM	SIG#9939	[2,1,0,0,0,1,2,1,0,0,0,1,0,1,0,0,0,1,0,2,0,0,0,1,0,2,1,0,0,1,0,2,1,0,0,1,0,2,1,0,0,1,0,2,1]	pk=2	len=45
8:55:14 AM	SIG#9938	[2,0,2,0,0,0,2,0,2,1,0,0,2,0,2,1,0,0,2,0,2,1,0,0,2,0,2,1]	pk=2	len=28
8:54:42 AM	SIG#9925–9937	[2,2,0,2,2,0,2,0,0,0,0,0,0,1,0,0,1,1,0,1,1,0,1,1,0,1,1,1,1,0,1,1,0,1,0,0,0,0,0,0,0,0,2,0,2]	pk=2	len=undefined
8:54:42 AM	SIG#9924	[1,0,2,0,0,0,1,0,2,2,0,0,1,0,2,2,0,0,1,0,2,2,0,0,1,0,2,2]	pk=2	len=28
8:54:29 AM	SIG#9918–9923	[1,1,1,1,0,1,1,0,1,0,0,1,0,1]	pk=1	len=undefined
8:54:28 AM	SIG#9917	[1,0,0,1,0,0,1,0,0,1,1,0,1,0,0,1,1,0,1,0,0,1,1]	pk=1	len=23
8:54:22 AM	SIG#9916	[1,1,0,0,1,0,1,1,0,0,1,0,1,1,0,0,1,0,1,1,0,0,1,0,1,0,0,0,1,0,1,0,1,0,1,0,1,0,1,0,1,0,1,0,1,0,1,0,1,0,1,0,1,0,1,0,1,0,1,0,0,0,1,0,1,0,0,0,1,0,1,0,0,0,1,0,1,0,0,0,1,0,1,0,0,0,1]	pk=1	len=87
8:53:46 AM	SIG#9901–9915	[1,1,0,1,0,1,0,0,0,0,0,0,1,0,1,0,1,0,1,1,0,1,0,1,0,0,1,0,1,1,0,1,1,0,0,1,1]	pk=1	len=undefined
8:53:45 AM	SIG#9900	[1,0,1,0,0,0,1,0,1,0,0,0,1,0,1,0,0,0,1,0,1,0,0,0,1,0,1,0,0,0,1,0,1,0,0,0,1,0,1,0,0,0,1]	pk=1	len=43
8:53:30 AM	SIG#9896–9899	[2,0,2,0,0,0,0,1,0,1]	pk=2	len=undefined
8:53:28 AM	SIG#9895	[2,0,1,0,0,0,2,0,1,0,0,0,2,0,1,0,1,0,2,0,1,0,1,2,2,0,1,0,1,2,0,0,1,0,1,2,0,0,1,0,1,2,0,0,1,0,1,2,0,0,1,1,1,2,0,0,1,1,1,2,0,0,1,1,1,0,0,0,1,1,1,0,2,0,1,1,1,0,2,0,1,1,1,0,2,0,0,1,1,0,2,0,0,0,1,0,2]	pk=2	len=97
8:53:06 AM	SIG#9892–9894	[2,0,0,2,2,0,2]	pk=2	len=undefined
8:53:05 AM	SIG#9891	[2,0,0,0,2,0,2,0,0,0,2,0,2,0,0,0,2,0,2,0,0,0,2,0,2,0,0,0,2,0,2,0,0,0,2,0,2,0,0,0,2,0,2]	pk=2	len=43
8:52:33 AM	SIG#9877–9890	[2,0,0,2,0,2,0,0,0,0,0,0,0,0,0,0,2,0,0,2,2,0,0,2,2,0,2,0,2,0,0,2,0,2,0,2,0,2]	pk=2	len=undefined
8:52:33 AM	SIG#9876	[1,1,0,1,0,0,1,1,0,1,0,0,1,1,0,1,0,1,1,1,0,1,0,1,1,1,0,1,0,1,1,0,0,1,0,1,1,0,1,1,0,1,1,0,1,0,0,1,1,0,1,0,0,1,1,0,1,0,0,2,1,0,1,0,0,2,0,0,1,0,0,2,0,0,1,0,0,2]	pk=2	len=78
8:52:10 AM	SIG#9871–9875	[1,0,1,0,0,0,1,0,1,1,0,1,1]	pk=1	len=undefined
8:52:09 AM	SIG#9870	[1,0,0,0,2,0,1,0,0,0,2,2,1,0,0,0,2,2,1,0,0,0,2,2,1,0,0,0,2,2,1,0,1,0,2,2,1,0,1,0,2,2,1,0,1,0,0,2,1,0,1,0,0,1,1,0,1,0,0,1,0,0,1,0,0,1,0,1,1,0,0,1,0,1,0,0,0,1,0,1,0,0,0,1,0,1,0,0,0,1,0,1]	pk=2	len=92
8:51:46 AM	SIG#9865–9869	[1,1,0,1,1,0,0,1,0,1,0,1]	pk=1	len=undefined
8:51:45 AM	SIG#9864	[1,0,0,0,1,0,1,0,0,0,1,1,1,0,0,0,1,1,1,0,0,0,1,1,1,0,0,0,1,1,1,0,0,0,1,1,1,0,0,0,1,1,1]	pk=1	len=43
8:51:23 AM	SIG#9856–9863	[1,1,0,1,0,1,0,0,0,0,0,0,0,0,1,0,1,0,1,0,1]	pk=1	len=undefined
8:51:22 AM	SIG#9855	[2,0,0,0,1,0,2,0,0,0,1,0,2,0,0,0,1]	pk=2	len=17
8:51:18 AM	SIG#9854–9854	[2]	pk=2	len=undefined
8:51:16 AM	SIG#9853	[1,0,0,0,2,0,1,0,0,0,2,0,1,0,0,0,2]	pk=2	len=17
8:50:39 AM	SIG#9839–9852	[1,0,0,1,0,1,0,0,0,0,0,0,0,0,0,0,0,0,2,0,2,0,2,0,2,2,0,0,2,0,2,0,0,0,0,0,0,1,0,1,0,1,0,1]	pk=2	len=undefined
8:50:39 AM	SIG#9838	[1,1,0,1,0,0,1,1,0,1,0,0,1,1,0,1,0,0,1,1,0,1,0,0,1,1,0,1,0,0,1,0,0,1,0,0,1,0,0,1,0,0,1]	pk=1	len=43
8:50:31 AM	SIG#9837	[1,1,1,0,0,0,1,1,1,0,0,0,1,1,1,0,1,0,1,1,1,0,1,0,1,1,1,0,1,0,0,1,1,0,1,0,0,0,1,0,1,0,0,0,1,0,1,0,0,0,1,1,1,0,0,0,1,1]	pk=1	len=58
8:50:16 AM	SIG#9833–9836	[1,0,1,0,1,0,1,1]	pk=1	len=undefined
8:50:13 AM	SIG#9832	[1,0,0,1,0,0,1,0,0,1,0,0,1,0,0,1,0,0,1,0,0,1,0,0,2,0,0,1,0,0,2,1,0,1,0,0,2,1,0,1,0,0,2,1,0,1,0,0,2,1,0,1,0,0,2,1,0,1,0,0,2,1,0,1,0,0,0,1,0,1]	pk=2	len=70
8:49:37 AM	SIG#9818–9831	[2,2,0,2,0,0,2,0,0,1,0,1,0,0,1,0,1,1,0,1,0,1,0,0,0,0,0,0,0,0,0,0,1,0,1,0,1]	pk=2	len=undefined
8:49:36 AM	SIG#9817	[2,0,0,0,2,0,2,0,0,0,2,0,2,0,0,0,2]	pk=2	len=17
8:49:23 AM	SIG#9808–9816	[1,1,0,1,1,1,1,0,1,1,0,1,0,2,0,2,0,2,0,2]	pk=2	len=undefined
8:49:22 AM	SIG#9807	[1,1,0,0,0,1,1,1,0,0,0,1,1,1,0,0,0,1,1]	pk=1	len=19
8:49:06 AM	SIG#9797–9806	[1,1,0,1,1,1,1,0,1,1,0,1,0,0,1,0,1,1,0,1,1,0,1,1,0,1,1]	pk=1	len=undefined
8:49:05 AM	SIG#9796	[1,0,0,0,1,0,1,0,0,0,1,1,1,0,0,0,1,1]	pk=1	len=18
8:48:41 AM	SIG#9780–9795	[1,1,0,1,0,1,0,0,0,0,2,0,0,2,2,0,2,2,0,0,2,2,0,2,2,2,2,0,2,2,0,2,0,1,0,0,1,0,1,0,0,1]	pk=2	len=undefined
8:48:39 AM	SIG#9779	[1,1,0,0,0,1,1,1,0,0,0,1,0,1,0,0,0,1]	pk=1	len=18
8:48:35 AM	SIG#9778–9778	[1,1]	pk=1	len=undefined
8:48:34 AM	SIG#9777	[1,1,0,0,1,0,1,1,0,0,1,1,1,1,0,0,1,1,0,1,0,0,1,1]	pk=1	len=24
8:48:20 AM	SIG#9770–9776	[1,0,0,1,0,1,0,0,1,0,1,1,0,0,1,1,0,1,1]	pk=1	len=undefined
8:48:20 AM	SIG#9769	[1,0,1,0,0,0,1,0,1,0,0,0,1,0,1,0,0,0,1,0,1,0,0,1,1,0,1,0,0,1,0,0,1,0,0,1,0,0,1,0,0,1]	pk=1	len=42
8:47:54 AM	SIG#9763–9768	[1,1,1,1,0,1,1,0,1,0,0,0,0,0,0,0,0,0,0,0,0,1,0,1]	pk=1	len=undefined
8:47:53 AM	SIG#9762	[1,1,0,0,1,0,1,1,0,0,1,1,1,1,0,0,1,1,0,1,0,0,1,1]	pk=1	len=24
8:47:39 AM	SIG#9756–9761	[1,1,0,1,0,0,0,0,1,0,1,1,0,1,1,0,1,1]	pk=1	len=undefined
8:47:38 AM	SIG#9755	[1,1,0,1,0,0,1,1,0,1,0,0,1,1,0,1,0,1,1,1,0,1,0,1,1,1,0,1,0,1,1,0,0,1,0,1,1,0,1,1,0,1,1,0,1,0,0,1,1,0,1,0,2,1,1,0,1,0,2,0,1,0,1,0,2,0,1,0,1,0,2,0,1,0,1,0,2,0,1,0,0,0,2,0,1,0,0,0,2,0,1,0,0,0,1,0,1,0,0,0,1,1,1,0,0,0,1,1,1,0,0,0,1,1,1,0,0,0,1,1,1,0,0,0,1,1,1,0,0,0,1,1,1]	pk=2	len=133
8:46:36 AM	SIG#9736–9754	[1,0,0,1,0,0,0,0,0,0,1,0,1,1,0,1,1,0,1,1,0,1,1,1,1,0,1,1,0,1,0,0,0,0,0,0,0,0,0,0,0,0,1,0,1,0,1,0,1,1,0,0,1,0,1,1,0,1,1,0,1,1]	pk=1	len=undefined
8:46:35 AM	SIG#9735	[2,0,1,0,0,0,2,0,1,0,0,0,2,0,1,0,0,0,2,0,1,0,0,0,2,0,1]	pk=2	len=27
8:46:26 AM	SIG#9731–9734	[1,1,0,1,1,0,0,2,1,0,2]	pk=2	len=undefined
8:46:26 AM	SIG#9730	[1,2,0,0,0,1,1,2,0,0,0,1,1,2,0,0,0,1,1,1,0,0,0,1,1,1,0,0,0,1,1,1,0,0,0,1,1,1,0,0,0,1,1,1,0,0,0,2,1,1,0,0,0,2,0,1,0,0,0,2,0,1,0,0,0,2,0,1,0,0,0,2,0,1,0,1,0,2,0,1,0,1,1,2,0,1,0,1,1,0,0,1,0,1,1,0,0,1,0,1,1]	pk=2	len=101
8:46:06 AM	SIG#9729–9729	[1,2]	pk=2	len=undefined
8:46:05 AM	SIG#9728	[1,1,0,0,0,1,1,1,0,0,0,1,0,1,0,0,0,1,0,1,0,0,0,1,0,1,0,0,0,1,0,1,0,0,0,1,0,1,0,0,1,1,0,1,0,0,1,2,0,1,0,0,1,2,0,1,0,0,1,2]	pk=2	len=60
8:45:53 AM	SIG#9727–9727	[1,1]	pk=1	len=undefined
8:45:52 AM	SIG#9726	[2,1,0,0,2,0,2,1,0,0,2,2,2,1,0,0,2,2,1,1,0,0,2,2,1,0,0,0,2,2,1,0,0,0,2,2,1,0,0,1,2,2,1,0,0,1,0,2,1,0,0,1,0,0,1,0,0,1,0,0,1,0,0,1,0,0,1,1,0,1,0,0,1,1,0,1,0,0,1,1]	pk=2	len=80
8:45:35 AM	SIG#9725–9725	[2,1]	pk=2	len=undefined
8:45:34 AM	SIG#9724	[2,1,0,0,0,2,2,1,0,0,0,2,1,1,0,0,0,2,1]	pk=2	len=19
8:45:30 AM	SIG#9723	[2,0,2,0,0,0,2,0,2,1,0,0,2,0,2,1,0,0,2,0,2,1,0,0,2,0,2,1]	pk=2	len=28
8:44:50 AM	SIG#9699–9722	[1,0,2,1,0,0,2,0,2,0,0,2,2,0,2,0,2,0,0,0,0,0,0,1,0,1,0,1,0,1,1,0,1,0,0,1,0,0,0,1,0,1,0,1,0,1,1,0,1,0,1,0,0,0,2,0,2]	pk=2	len=undefined
8:44:48 AM	SIG#9698	[1,2,2,0,0,0,1,2,2,2,0,0,1,2,2,2,1,0,1,2,2,2,1,0,1,2,2,2,1,0,1,2,2,2,1,0,1,0,2,2,1,0,1,0,0,2,1,0,1,0,0,0,1,0,1]	pk=2	len=55
8:44:17 AM	SIG#9681–9697	[1,0,0,1,0,1,0,1,0,1,0,1,1,0,1,0,1,0,0,1,0,0,1,0,1,0,1,1,0,1,0,1,1,0,0,1,2]	pk=2	len=undefined
8:44:16 AM	SIG#9680	[2,0,1,0,0,0,2,0,1,0,0,0,2,0,1,0,0,0,2,0,1,0,0,0,2,0,1]	pk=2	len=27
8:44:08 AM	SIG#9676–9679	[1,0,1,0,2,1,0,2]	pk=2	len=undefined
8:44:08 AM	SIG#9675	[1,0,0,1,0,0,1,0,0,1,0,0,1,0,0,1,0,0,1,0,0,1]	pk=1	len=22
8:43:57 AM	SIG#9669–9674	[2,2,0,2,0,1,2,0,1,0,1]	pk=2	len=undefined
8:43:56 AM	SIG#9668	[1,0,0,0,2,0,1,0,0,0,2,0,1,0,0,0,2]	pk=2	len=17
8:43:51 AM	SIG#9667	[1,0,0,1,0,0,1,0,0,1,0,0,1,0,0,1,0,0,1,0,0,1]	pk=1	len=22
8:43:32 AM	SIG#9662–9666	[1,0,1,0,0,0,0,0,0,0,0,0,0,0,1,0,1,0,1]	pk=1	len=undefined
8:43:31 AM	SIG#9661	[1,1,0,1,0,0,1,1,0,1,0,0,1,1,0,1,0,0,1,1,0,1,0,0,0,1,0,1]	pk=1	len=28
8:43:18 AM	SIG#9656–9660	[1,0,1,0,0,0,0,1,0,1,1,0,1,1]	pk=1	len=undefined
8:43:16 AM	SIG#9655	[1,0,0,0,2,0,1,0,0,0,2,0,1,0,0,0,2,0,1,0,0,0,2,0,1,0,0,0,2,0,1,0,1,0,2,0,1,0,1,0,2,0,1,0,1,0,0,0,1,0,1,0,0,0,1,0,1]	pk=2	len=57
8:43:06 AM	SIG#9654–9654	[1]	pk=1	len=undefined
8:43:05 AM	SIG#9653	[1,0,0,1,0,0,1,0,0,1,1,0,1,0,0,1,1,0,1,0,0,1,1,0,1,0,0,1,1,0,1,1,0,1,1,0,1,1,1,1,1,0,1,1,1,0,1,0,1,1,1,0,0,0,1,1,1,0,0,1,1,1,1,0,0,1,0,1,1,0,0,1,0,0,1,0,0,1,0,0,1,0,0,1,0,0,1,0,0,1,0,0,1,0,1,1,0,0,1,0,1,0,0,0,1,0,1,0,0,0,1,0,1,0,0,0,1,0,1,0,0,0,1,0,1,0,0,0,1,0,1,0,0,0,1]	pk=1	len=135
8:42:40 AM	SIG#9652	[1,1,0,0,0,1,1,1,0,0,0,1,0,1,0,0,0,1]	pk=1	len=18
8:42:22 AM	SIG#9639–9651	[1,0,0,1,0,2,1,0,0,2,0,2,0,2,2,0,2,0,1,2,0,0,1,1,0,1,1,0,1,1,0,1,1]	pk=2	len=undefined
8:42:22 AM	SIG#9638	[1,1,1,0,0,0,1,1,1,0,0,0,1,1,1,0,2,0,1,1,1,0,2,0,1,1,1,0,2,0,0,1,1,0,2,0,0,1,1,0,2,0,0,1,0,0,2,0,0,1,0,0,2,0,0,1]	pk=2	len=56
8:41:33 AM	SIG#9611–9637	[3,0,0,3,0,3,0,0,1,0,1,0,1,0,1,1,0,1,0,1,0,0,0,2,0,0,2,0,2,0,2,2,0,2,0,2,0,0,1,0,1,1,0,1,1,0,0,1,1,0,1,1,1,1,0,1,1,0,1,0,0,0,0,1,0,0,1,1]	pk=3	len=undefined
8:41:32 AM	SIG#9610	[1,1,0,1,0,0,1,1,0,1,0,0,1,1,0,1,0,0,1,1,0,1,0,0,3,1,0,1,0,0,3,0,0,1,0,0,3,0,0,1,0,0,3]	pk=3	len=43
8:41:17 AM	SIG#9605–9609	[1,1,0,1,0,0,1,0,1,1,0,1,1]	pk=1	len=undefined
8:41:16 AM	SIG#9604	[1,1,1,0,0,0,1,1,1,0,0,0,1,1,1,0,0,0,1,1,1,0,0,0,1,1,1]	pk=1	len=27
8:40:50 AM	SIG#9592–9603	[1,1,0,1,0,1,1,0,1,0,0,1,0,1,1,0,1,0,0,1,0,0,0,0,0,0,0,0,0,0,1,0,0,1,1]	pk=1	len=undefined
8:40:48 AM	SIG#9591	[1,1,0,0,0,1,1,1,0,0,0,1,0,1,0,0,0,1]	pk=1	len=18
8:40:43 AM	SIG#9590	[1,0,1,0,0,0,1,0,1,1,0,0,1,0,1,1,0,0,1,0,1,1,0,0,1,0,1,1]	pk=1	len=28
8:40:21 AM	SIG#9577–9589	[2,0,2,0,0,2,0,1,0,1,1,0,1,1,0,1,1,0,1,1,1,1,0,1,1,0,0,1,0,0,0,1,0,1]	pk=2	len=undefined
8:40:21 AM	SIG#9576	[1,0,0,2,0,0,1,0,0,2,0,0,1,0,0,2,0,0,1,0,0,2]	pk=2	len=22
8:40:09 AM	SIG#9571–9575	[1,0,1,0,0,0,1,0,1,0,1]	pk=1	len=undefined
8:40:08 AM	SIG#9570	[2,0,1,0,0,0,2,0,1,0,0,0,2,0,1,0,0,0,2,0,1,0,0,0,2,0,1]	pk=2	len=27
8:39:43 AM	SIG#9553–9569	[2,1,0,2,1,0,0,1,1,0,1,0,0,1,0,1,1,0,1,0,1,0,0,0,1,0,1,0,0,1,0,1,1,0,0,1,0,2,1,0,2]	pk=2	len=undefined
8:39:43 AM	SIG#9552	[1,1,0,2,0,0,1,1,0,2,1,0,1,1,0,2,1,0,1,1,0,2,1,0,0,1,0,2,1]	pk=2	len=29
8:39:20 AM	SIG#9539–9551	[1,2,0,0,2,0,1,0,0,1,1,0,1,1,0,1,1,0,1,1,1,1,0,1,1,0,1,0,0,0,1,0,1,1,0,0,1,1]	pk=2	len=undefined
8:39:19 AM	SIG#9538	[1,1,2,0,0,0,1,1,2,0,0,0,1,1,2,0,0,0,1,1,2,0,0,0,1,1,2]	pk=2	len=27
8:39:06 AM	SIG#9532–9537	[1,2,1,2,0,1,2,0,0,2,0,0,0,0,1,0,1,1]	pk=2	len=undefined
8:39:04 AM	SIG#9531	[1,0,1,0,0,0,1,0,1,0,0,0,1,0,1,0,0,0,1,0,1,0,0,0,1,0,1,0,0,0,1,0,1,0,0,0,1,0,1,0,0,0,1,0,1,0,0,0,1,0,1,1,0,0,1,0,1,1,0,0,1,0,1,1,0,0,1,0,1,1,0,0,1,0,1,1,0,0,1,2,1,1,0,0,1,2,0,1,0,0,1,2]	pk=2	len=92
8:38:40 AM	SIG#9525–9530	[1,1,0,1,0,1,0,0,0,1,0,0,1]	pk=1	len=undefined
8:38:38 AM	SIG#9524	[1,0,0,0,1,0,1,0,0,0,1,0,1,0,0,0,1]	pk=1	len=17
8:38:29 AM	SIG#9518–9523	[1,0,1,0,1,1,0,1,0,1,0,1]	pk=1	len=undefined
8:38:28 AM	SIG#9517	[1,1,0,0,1,0,1,1,0,0,1,0,1,1,0,0,1,0,0,1,0,0,1]	pk=1	len=23
8:38:06 AM	SIG#9509–9516	[1,1,0,1,0,0,1,0,0,0,0,0,0,0,0,0,0,1,0,0,1,1,0,1,1,0,1,1]	pk=1	len=undefined
8:38:04 AM	SIG#9508	[1,0,2,0,0,0,1,0,2,0,0,0,1,0,2,0,0,0,1,0,2,0,0,2,1,0,2,0,0,2,1,0,2,0,0,2,1,1,2,0,0,2,1,1,0,0,0,2,1,1,0,1,0,2,1,1,0,1,0,2,1,1,0,1,0,0,1,1,0,1,0,0,0,1,0,1,0,0,0,1,0,1,0,0,0,1,0,1,0,0,0,1]	pk=2	len=92
8:37:41 AM	SIG#9504–9507	[1,0,1,0,0,0,1,0,1]	pk=1	len=undefined
8:37:40 AM	SIG#9503	[1,0,1,0,0,0,1,0,1,0,0,0,1,0,1,0,0,0,1,0,1,0,0,1,1,0,1,0,0,1,1,0,1,0,0,1,1,0,1,0,0,1,1,0,1,0,0,1,1,0,1,0,0,1,1,0,1,0,0,1,1,0,1,0,0,0,1,0,1]	pk=1	len=69
8:37:07 AM	SIG#9490–9502	[1,1,0,1,0,1,0,1,0,1,0,0,1,0,1,1,0,0,1,0,1,0,0,0,0,0,0,0,0,1,0,1]	pk=1	len=undefined
8:37:06 AM	SIG#9489	[1,0,0,1,0,0,1,0,0,1,0,0,1,0,0,1,0,0,1,0,0,1,0,0,1,0,0,1,0,0,1,1,0,1,0,0,1,1,1,1,0,0,1,1,1,0,0,0,1,1,1,0,0,0,1,1,1,0,0,0,1,1,1,0,0,0,1,1,1,0,0,0,1,0,1,0,0,0,1]	pk=1	len=79
8:36:45 AM	SIG#9484–9488	[2,0,2,0,1,0,1,0,1]	pk=2	len=undefined
8:36:43 AM	SIG#9483	[1,0,0,2,0,0,1,0,0,2,0,0,1,0,0,2,0,2,1,0,0,2,0,2,0,0,0,2,0,2,0,0,0,2,0,2,0,0,0,2,0,2]	pk=2	len=42
8:36:21 AM	SIG#9470–9482	[1,0,1,0,1,0,2,0,2,0,2,0,2,2,0,2,0,2,0,0,1,0,1,0,1]	pk=2	len=undefined
8:36:21 AM	SIG#9469	[2,0,1,0,0,0,2,0,1,0,0,0,2,0,1,0,2,0,2,0,1,0,2,0,2,0,1,0,2,0,0,0,1,0,2,0,0,1,1,0,2,0,0,1,0,0,2,0,0,1,0,0,2,0,0,1]	pk=2	len=56
8:36:00 AM	SIG#9464–9468	[1,1,0,1,1,0,1,0,0,0,0,0,2,0,0,2]	pk=2	len=undefined
8:36:00 AM	SIG#9463	[1,0,0,0,1,0,1,0,0,0,1,0,1,0,0,0,1,0,1,0,0,0,1,0,1,1,0,0,1,0,1,1,0,0,1,0,1,1,0,0,1,0,1,1]	pk=1	len=44
8:35:50 AM	SIG#9462	[3,0,0,1,0,0,3,0,0,1,0,0,3,0,0,1,0,0,3,0,0,1]	pk=3	len=22
8:35:40 AM	SIG#9457–9461	[1,0,1,0,3,1,0,3,0,3]	pk=3	len=undefined
8:35:40 AM	SIG#9456	[1,0,0,1,0,0,1,0,0,1,0,0,1,0,0,1,0,0,1,0,0,1]	pk=1	len=22
8:34:43 AM	SIG#9418–9455	[1,0,1,0,0,2,1,0,2,0,0,2,0,2,2,0,0,2,0,2,0,3,0,3,1,0,3,1,0,0,3,1,0,3,1,3,1,0,0,3,1,0,1,1,0,0,1,0,1,0,1,1,0,1,0,1,1,0,1,0,1,0,1,1,0,1,0,0,1,1,0,1,0,1,0,1,1,0,1,0,1,0,0,0,0,0,0,0,0,0,0,0,1,0,1,0,1]	pk=3	len=undefined
8:34:43 AM	SIG#9417	[1,1,0,0,1,0,1,1,0,0,1,0,1,1,0,0,1,0,0,1,0,0,1]	pk=1	len=23
8:34:23 AM	SIG#9410–9416	[1,0,1,0,1,0,0,0,0,0,0,0,0,0,1,0,1,1,0,0,1,1,0,1,1]	pk=1	len=undefined
8:34:22 AM	SIG#9409	[1,0,0,1,0,0,1,0,0,1,0,0,1,0,0,1,0,0,1,0,0,1]	pk=1	len=22
8:34:16 AM	SIG#9408	[1,0,0,0,1,0,1,0,0,0,1,0,1,0,0,0,1]	pk=1	len=17
8:34:06 AM	SIG#9401–9407	[1,1,0,1,0,0,1,1,0,1,0,1,0,1]	pk=1	len=undefined
8:34:05 AM	SIG#9400	[2,0,0,0,1,0,2,0,0,0,1,0,2,0,0,0,1]	pk=2	len=17
8:33:47 AM	SIG#9393–9399	[1,0,1,0,1,0,0,0,0,0,0,0,0,2,0,2,0,2,0,2]	pk=2	len=undefined
8:33:46 AM	SIG#9392	[2,0,0,1,0,0,2,0,0,1,0,0,2,0,0,1,0,0,2,0,0,1,0,0,1,0,0,1,0,0,1,0,0,1,0,0,1,0,1,1,0,0,1,0,1,0,0,0,1,0,1,0,0,0,1,0,1,0,0,1,1,0,1,0,0,1,0,0,1,0,0,1,0,0,1,0,0,1]	pk=2	len=78
8:33:21 AM	SIG#9387–9391	[1,0,1,0,0,0,0,0,2,0,2,0,0,2]	pk=2	len=undefined
8:33:19 AM	SIG#9386	[1,1,1,0,0,0,1,1,1,0,0,0,1,1,1,0,1,0,1,1,1,0,1,0,1,1,1,0,1,0,0,1,1,0,1,0,0,0,1,0,1]	pk=1	len=41
8:33:05 AM	SIG#9381–9385	[1,1,0,0,1,1,0,1,0,0,0,1,0,1,1]	pk=1	len=undefined
8:33:04 AM	SIG#9380	[1,0,0,1,0,0,1,0,0,1,0,0,1,0,0,1,0,1,1,0,0,1,0,1,0,0,0,1,0,1,0,1,0,1,0,1,0,1,1,1,0,1,0,1,1,0,0,1,0,1,1,0,0,1,0,1,1]	pk=1	len=57
8:32:53 AM	SIG#9379	[1,0,1,0,0,0,1,0,1,0,0,0,1,0,1,0,0,0,1,0,1,0,0,0,1,0,1,0,0,0,1,0,1,0,0,0,1,0,1,0,0,0,1]	pk=1	len=43
8:32:05 AM	SIG#9353–9378	[1,1,0,1,0,0,0,0,0,2,0,2,1,0,2,1,0,2,1,0,0,2,1,2,1,0,2,1,0,0,1,1,0,1,0,1,0,1,1,0,1,0,1,0,0,0,0,0,1,0,0,1,2,0,1,2,0,1,2,0,1,2,1,2,0,1,2,0,0,2,0,0,0,1,0,0,1]	pk=2	len=undefined
8:32:04 AM	SIG#9352	[2,0,0,0,2,0,2,0,0,0,2,0,2,0,0,0,2,0,1,0,0,0,2,0,1,1,0,0,2,0,1,1,1,0,2,0,1,1,1,0,2,0,1,1,1,0,0,0,1,1,1,0,0,0,1,1,1]	pk=2	len=57
8:31:53 AM	SIG#9351	[1,0,0,0,2,0,1,0,0,0,2,0,1,0,0,0,2,0,1,0,0,0,2,0,1,0,0,0,2,0,1,0,0,0,2,0,1,0,0,2,2,0,1,0,0,2,0,0,1,0,0,2,0,0,1,0,0,2]	pk=2	len=58
8:31:41 AM	SIG#9350	[1,2,0,0,0,1,1,2,0,0,0,1,0,2,0,0,0,1,0,1,0,0,0,1,0,1,0,0,0,1,0,1,0,0,0,1,0,1,0,0,1,1,0,1,0,0,1,0,0,1,0,0,1,0,0,1,0,0,1,0,0,1,0,0,1,0,0,1,0,0,1,0,0,1,0,0,1,0,0,1]	pk=2	len=80
8:31:27 AM	SIG#9349–9349	[1,2]	pk=2	len=undefined
8:31:26 AM	SIG#9348	[1,0,0,1,0,0,1,0,0,1,2,0,1,0,0,1,2,0,1,0,0,1,2]	pk=2	len=23
8:31:20 AM	SIG#9347	[2,1,2,0,0,0,2,1,2,0,0,0,2,1,2,0,0,0,2,1,2,0,0,0,2,1,2,0,0,0,1,1,2,0,0,0,1,0,2,0,0,0,1]	pk=2	len=43
8:31:08 AM	SIG#9343–9346	[1,1,0,1,0,0,2,0,2,1]	pk=2	len=undefined
8:31:05 AM	SIG#9342	[3,0,0,0,1,0,3,0,0,0,1,1,3,0,0,0,1,1,1,0,0,0,1,1,1,1,0,0,1,1,1,1,1,0,1,1,1,1,1,0,1,1,1,1,1,0,0,1,1,1,1,0,0,0,1,1,1]	pk=3	len=57
8:30:51 AM	SIG#9337–9341	[1,1,0,3,1,0,3,0,0,3,0,3]	pk=3	len=undefined
8:30:50 AM	SIG#9336	[1,0,0,2,0,0,1,0,0,2,0,0,1,0,0,2,0,0,1,0,0,2,0,0,1,0,0,2,0,0,1,0,0,2,0,0,1,0,2,2,0,0,1,0,2,0,0,0,1,0,2,0,1,0,1,0,2,0,1,0,1,0,2,0,1,0,1,0,2,0,1,0,1,0,2,0,1,0,1,0,0,0,1,0,1,0,0,1,1,0,1,0,0,1,0,0,1,0,0,1,0,1,1,0,0,1,0,1,0,0,0,1,0,1,0,1,0,1,0,1,0,1,2,1,0,1,0,1,2,0,0,1,0,1,2,0,1,1,0,1,2,0,1,0,0,1,2,0,1,0,0,1,2,0,1,0,0,0,2,0,1,0,0,0,1,0,1,0,0,0,1,1,1,0,0,0,1,1,1,0,0,0,1,1,1,0,0,0,1,1,1,0,0,0,1,1,1,0,0,0,1,1,1]	pk=2	len=203
8:29:50 AM	SIG#9317–9335	[1,1,0,1,0,1,0,1,0,1,0,1,1,0,1,0,0,1,1,0,1,1,0,1,1,0,1,1,0,1,1,1,1,0,0,1,1,0,1,0,0,1,0,1,0,1]	pk=1	len=undefined
8:29:48 AM	SIG#9316	[1,1,1,0,0,0,1,1,1,1,0,0,1,1,1,1,0,0,1,1,1,1,0,0,1,1,1,1,0,0,0,1,1,1]	pk=1	len=34
8:29:38 AM	SIG#9312–9315	[1,1,0,1,1,0,0,1,1,0,1,1]	pk=1	len=undefined
8:29:38 AM	SIG#9311	[1,0,1,0,0,0,1,0,1,1,0,0,1,0,1,1,0,0,1,0,1,1,0,0,1,0,1,1]	pk=1	len=28
8:29:17 AM	SIG#9298–9310	[1,1,1,1,0,1,1,0,1,0,1,0,0,1,0,1,0,1,1,0,1,0,1,0,0,1,0,1]	pk=1	len=undefined
8:29:16 AM	SIG#9297	[1,1,0,0,1,0,1,1,0,0,1,1,1,1,0,0,1,1,0,1,0,0,1,1]	pk=1	len=24
8:28:58 AM	SIG#9289–9296	[1,1,1,1,0,1,1,0,1,0,0,0,0,0,0,1,0,1,1,0,1,1,0,0,1,1]	pk=1	len=undefined
8:28:57 AM	SIG#9288	[1,2,0,0,0,1,1,2,0,0,0,1,0,2,0,0,0,1,0,1,0,0,0,1,0,1,0,0,0,1,0,1,0,0,0,1,0,1,0,0,1,1,0,1,0,0,1,1,0,1,0,0,1,1,0,1,0,0,1,1]	pk=2	len=60
8:28:44 AM	SIG#9286–9287	[1,2,0,1,2]	pk=2	len=undefined
8:28:42 AM	SIG#9285	[1,0,0,0,1,0,1,0,0,0,1,2,1,0,0,0,1,2]	pk=2	len=18
8:28:18 AM	SIG#9277–9284	[1,1,0,1,0,1,0,0,0,0,0,0,0,0,0,0,0,0,1,0,1,0,1,0,0,1]	pk=1	len=undefined
8:28:17 AM	SIG#9276	[1,0,0,0,1,0,1,0,0,0,1,0,1,0,0,0,1]	pk=1	len=17
8:27:52 AM	SIG#9269–9275	[1,1,0,0,1,1,0,1,0,0,0,0,0,0,0,0,0,0,0,0,1,0,1,0,1,0,0,1]	pk=1	len=undefined
8:27:52 AM	SIG#9268	[1,2,0,1,0,0,1,2,0,1,1,0,1,2,0,1,1,0,1,2,0,1,1,0,0,2,0,1,1]	pk=2	len=29
8:27:46 AM	SIG#9267	[1,0,0,0,1,0,1,0,0,0,1,2,1,0,0,0,1,2]	pk=2	len=18
8:27:42 AM	SIG#9266–9266	[1]	pk=1	len=undefined
8:27:41 AM	SIG#9265	[1,0,0,1,0,0,1,0,0,1,1,0,1,0,0,1,1,0,1,0,0,1,1,0,1,0,0,1,1,0,1,0,0,1,1,0,1,0,0,1,1,0,1,0,0,0,1,0,1,0,0,0,1,0,1,0,0,0,1,0,1,0,0,0,1]	pk=1	len=65
8:27:27 AM	SIG#9264	[2,1,0,0,0,1,2,1,0,0,0,1,0,1,0,0,0,1]	pk=2	len=18
8:27:24 AM	SIG#9263	[1,1,0,1,0,0,1,1,0,1,2,0,1,1,0,1,2,0,1,1,0,1,2,0,1,1,0,1,2,0,1,0,0,1,2,0,1,0,2,1,2,0,1,0,2,1,2,0,1,0,2,1,0,0,1,0,2,1,0,0,1,0,2,1]	pk=2	len=64
8:27:07 AM	SIG#9259–9262	[1,1,0,0,1,1,0,1,1,0,1,1]	pk=1	len=undefined
8:27:06 AM	SIG#9258	[1,0,0,1,0,0,1,0,0,1,1,0,1,0,0,1,1,1,1,0,0,1,1,1,0,0,0,1,1,1,0,0,0,1,1,1,0,0,0,1,1,1]	pk=1	len=42
8:26:58 AM	SIG#9257	[1,0,0,0,1,0,1,0,0,0,1,0,1,0,0,0,1]	pk=1	len=17
8:26:55 AM	SIG#9256–9256	[1]	pk=1	len=undefined
8:26:54 AM	SIG#9255	[1,0,1,0,0,0,1,0,1,0,0,0,1,0,1,0,0,0,1,0,1,0,0,0,1,0,1,0,0,0,1,0,1,0,0,0,1,0,1,0,0,0,1]	pk=1	len=43
8:26:42 AM	SIG#9252–9254	[1,0,1,1,0,1]	pk=1	len=undefined