12:58:21 AM	SIG#552	[1,0,2,0,0,0,1,0,2,0,0,0,1,0,2,0,1,0,1,0,2,0,1,0,1,0,2,0,1,0,0,0,2,0,1,0,0,0,2,0,1,0,0,0,1,0,1,0,0,0,1,1,1,0,0,0,1,1]	pk=2	len=58
12:58:07 AM	SIG#548–551	[1,0,1,0,1,1,0,1]	pk=1	len=undefined
12:58:07 AM	SIG#547	[1,0,0,1,0,0,1,0,0,1,0,0,1,0,0,1,0,0,1,0,0,1]	pk=1	len=22
12:58:01 AM	SIG#546	[1,0,0,0,1,0,1,0,0,0,1,0,1,0,0,0,1]	pk=1	len=17
12:57:43 AM	SIG#538–545	[1,1,0,1,0,1,0,0,0,0,0,0,0,0,0,1,0,1,0,1,0,1]	pk=1	len=undefined
12:57:42 AM	SIG#537	[1,0,0,0,1,0,1,0,0,0,1,0,1,0,0,0,1]	pk=1	len=17
12:57:30 AM	SIG#531–536	[1,0,1,0,0,1,0,1,0,1,0,1]	pk=1	len=undefined
12:57:27 AM	SIG#530	[1,0,0,1,0,0,1,0,0,1,0,0,1,0,0,1,0,1,1,0,0,1,0,1,0,0,0,1,0,1,0,0,0,1,0,1,0,0,0,1,0,1]	pk=1	len=42
12:57:09 AM	SIG#525–529	[1,0,0,1,0,0,0,0,0,0,1,0,1,0,0,1]	pk=1	len=undefined
12:57:08 AM	SIG#524	[1,0,1,0,0,0,1,0,1,0,0,0,1,0,1,0,1,0,1,0,1,0,1,0,1,0,1,0,1,0,1,0,1,0,1,0,1,0,1,0,1,0,1,0,0,0,1,0,1,0,0,0,1,0,1]	pk=1	len=55
12:56:08 AM	SIG#492–523	[1,1,0,0,1,0,1,0,0,0,0,0,0,0,0,1,0,0,1,0,1,0,1,1,0,1,0,1,1,0,1,0,1,0,0,1,1,0,1,0,0,1,0,0,0,0,0,1,0,1,0,1,0,1,1,0,1,0,1,1,0,1,0,1,0,1,1,0,1,0,1,0,0,0,0,0,1,0,0,1]	pk=1	len=undefined
12:56:07 AM	SIG#491	[1,2,0,0,0,1,1,2,0,0,0,1,0,2,0,0,0,1]	pk=2	len=18
12:56:03 AM	SIG#490	[1,0,1,0,0,0,1,0,1,2,0,0,1,0,1,2,0,0,1,0,1,2,0,0,1,0,1,2]	pk=2	len=28
12:55:53 AM	SIG#486–489	[1,1,0,1,1,0,0,1,1,0,1]	pk=1	len=undefined
12:55:53 AM	SIG#485	[1,1,0,1,0,0,1,1,0,1,0,0,1,1,0,1,0,1,1,1,0,1,0,1,0,1,0,1,0,1,0,1,0,1,0,1,0,1,1,1,0,1,0,1,1,0,0,1,0,1,1,0,0,1,0,1,1]	pk=1	len=57
12:55:37 AM	SIG#479–484	[2,1,2,1,0,2,1,0,1,1,0,1,1,0,1,1]	pk=2	len=undefined
12:55:36 AM	SIG#478	[1,0,0,2,0,0,1,0,0,2,1,0,1,0,0,2,1,0,1,0,0,2,1]	pk=2	len=23
12:55:06 AM	SIG#465–477	[1,1,0,1,1,0,1,0,0,0,0,0,0,0,0,0,0,0,1,0,0,0,1,0,1,0,1,1,0,1,0,1,0,0,1,0,1,0,1]	pk=1	len=undefined
12:55:06 AM	SIG#464	[1,0,1,0,0,0,1,0,1,1,0,0,1,0,1,1,0,0,1,0,1,1,0,0,1,0,1,1]	pk=1	len=28
12:54:37 AM	SIG#446–463	[2,1,0,0,2,1,0,1,0,0,0,2,0,2,0,2,0,2,2,0,2,0,1,2,0,1,1,0,1,1,0,0,1,1,0,1,1,1,1,0,0,1,1,0,1,1,0,1]	pk=2	len=undefined
12:54:37 AM	SIG#445	[1,1,0,0,1,0,1,1,0,0,1,0,1,1,0,0,1,0,1,1,0,0,1,0,1,0,0,0,1,0,1,0,2,0,1,0,1,0,2,1,1,0,1,0,2,1,0,0,1,0,2,1,0,0,1,0,2,1]	pk=2	len=58
12:54:25 AM	SIG#444–444	[1,1]	pk=1	len=undefined
12:54:24 AM	SIG#443	[2,0,0,0,1,0,2,0,0,0,1,1,2,0,0,0,1,1]	pk=2	len=18
12:54:10 AM	SIG#436–442	[1,0,1,0,1,0,0,0,0,0,2,0,2,0,2,0,2]	pk=2	len=undefined
12:54:10 AM	SIG#435	[1,1,1,0,0,0,1,1,1,0,0,0,1,1,1,0,0,0,1,1,1,0,0,1,1,1,1,0,0,1,0,1,1,0,0,1,0,0,1,0,0,1]	pk=1	len=42
12:53:45 AM	SIG#428–434	[1,1,0,1,1,1,1,0,1,1,0,1,0,0,0,0,0,0,0,0,0,0,1,0,1,1]	pk=1	len=undefined
12:53:43 AM	SIG#427	[2,1,0,0,0,1,2,1,0,0,0,1,1,1,0,0,0,1,1]	pk=2	len=19
12:53:40 AM	SIG#426	[1,0,2,0,0,0,1,0,2,1,0,0,1,0,2,1,0,0,1,0,2,1,0,0,1,0,2,1]	pk=2	len=28
12:53:05 AM	SIG#401–425	[1,0,1,0,1,1,0,1,0,1,0,1,1,0,0,1,0,1,0,0,3,0,3,0,3,0,3,3,0,3,0,3,0,1,0,1,0,1,0,1,1,0,0,1,0,1,0,0,0,1,0,0,1]	pk=3	len=undefined
12:53:05 AM	SIG#400	[1,1,0,1,0,0,1,1,0,1,0,0,1,1,0,1,0,0,1,1,0,1,0,0,1,1,0,1,0,0,1,0,0,1,0,0,1,0,0,1,0,0,1]	pk=1	len=43
12:52:49 AM	SIG#395–399	[1,0,0,1,0,1,0,1,1,0,1,1]	pk=1	len=undefined
12:52:48 AM	SIG#394	[1,2,0,1,0,0,1,2,0,1,0,0,1,2,0,1,0,0,1,2,0,1,0,0,0,2,0,1]	pk=2	len=28
12:52:40 AM	SIG#390–393	[1,0,1,1,0,1,2,0,1,2]	pk=2	len=undefined
12:52:37 AM	SIG#389	[1,0,0,4,0,0,1,0,0,4,1,0,1,0,0,4,1,0,1,0,0,4,1,0,1,0,0,4,1,0,1,0,0,4,1,0,1,0,0,4,1,0,1,0,0,0,1,0,1]	pk=4	len=49
12:52:29 AM	SIG#388	[1,0,0,0,1,0,1,0,0,0,1,0,1,0,0,0,1]	pk=1	len=17
12:52:25 AM	SIG#387–387	[1]	pk=1	len=undefined
12:52:24 AM	SIG#386	[1,1,0,0,1,0,1,1,0,0,1,0,1,1,0,0,1,0,1,1,0,0,1,0,1,2,0,0,1,0,1,2,2,0,1,0,1,2,2,1,1,0,1,2,2,1,1,0,1,2,2,1,1,0,1,2,2,1,1,0,1,2,2,1,1,0,1,0,2,1,1,0,1,0,0,1,1,0,1,0,0,1,1,0,1,0,0,1,0,0,1,0,0,1,0,1,1,0,0,1,0,1,2,0,0,1,0,1,2,1,0,1,0,1,2,1,1,1,0,1,2,1,1,0,0,1,2,1,1,0,0,1,2,1,1,0,0,0,2,1,1,0,0,0,1,1,1,0,0,0,1,0,1,0,0,0,1]	pk=2	len=157
12:51:54 AM	SIG#385	[1,0,1,0,0,0,1,0,1,0,0,0,1,0,1,0,1,0,1,0,1,0,1,0,1,0,1,0,1,0,0,0,1,0,1,0,0,1,1,0,1,0,0,1,1,0,1,0,0,1,1,0,1,0,0,1,1]	pk=1	len=57
12:51:34 AM	SIG#381–384	[1,0,1,0,0,0,0,0,0,1,0,1]	pk=1	len=undefined
12:51:32 AM	SIG#380	[1,0,1,0,0,0,1,0,1,0,0,0,1,0,1,0,0,0,1,0,1,0,0,0,1,0,1]	pk=1	len=27
12:51:22 AM	SIG#375–379	[1,0,1,0,0,1,0,1,0,0,1]	pk=1	len=undefined
12:51:22 AM	SIG#374	[1,0,0,1,0,0,1,0,0,1,0,0,1,0,0,1,0,0,1,0,0,1]	pk=1	len=22
12:51:12 AM	SIG#370–373	[1,0,1,1,0,0,1,0,1]	pk=1	len=undefined
12:51:11 AM	SIG#369	[1,1,0,1,0,0,1,1,0,1,0,0,1,1,0,1,0,0,1,1,0,1,0,0,0,1,0,1]	pk=1	len=28
12:50:59 AM	SIG#363–368	[1,0,1,0,1,0,0,1,0,1,1,0,1,1]	pk=1	len=undefined
12:50:59 AM	SIG#362	[2,1,1,0,0,0,2,1,1,1,0,0,2,1,1,1,0,0,2,1,1,1,0,0,2,1,1,1,0,0,1,1,1,1,0,0,1,0,1,1,0,0,1,0,0,1,0,0,1]	pk=2	len=49
12:50:30 AM	SIG#349–361	[1,0,1,0,1,0,1,0,0,1,2,0,1,2,0,0,1,2,0,1,2,1,2,0,1,2,0,2,0,0,0,0,0,2,0,0,2,1]	pk=2	len=undefined
12:50:30 AM	SIG#348	[1,0,0,1,0,0,1,0,0,1,0,0,1,0,0,1,0,0,1,0,0,1]	pk=1	len=22
12:50:17 AM	SIG#343–347	[1,0,1,0,0,0,1,0,0,1,0,1]	pk=1	len=undefined
12:50:16 AM	SIG#342	[1,1,0,1,0,0,1,1,0,1,0,0,1,1,0,1,0,0,1,1,0,1,0,0,0,1,0,1]	pk=1	len=28
12:49:55 AM	SIG#328–341	[1,2,0,0,1,2,1,2,0,1,2,0,0,2,0,0,1,0,1,0,1,0,1,1,0,1,0,0,1,1,0,1,1,0,1,1]	pk=2	len=undefined
12:49:54 AM	SIG#327	[1,0,0,0,1,0,1,0,0,0,1,2,1,0,0,0,1,2]	pk=2	len=18
12:49:50 AM	SIG#326	[1,0,0,1,0,0,1,0,0,1,0,0,1,0,0,1,0,0,1,0,0,1]	pk=1	len=22
12:49:40 AM	SIG#321–325	[1,0,1,0,1,0,1,0,1]	pk=1	len=undefined
12:49:38 AM	SIG#320	[2,0,1,0,0,0,2,0,1,0,0,0,2,0,1,0,0,0,2,0,1,0,0,0,2,0,1]	pk=2	len=27
12:49:04 AM	SIG#306–319	[1,1,0,1,1,1,1,0,1,1,0,1,0,0,0,0,0,0,0,0,0,0,0,0,1,0,0,1,0,1,0,0,1,1,0,1,0,0,1,0,0,2,0,2]	pk=2	len=undefined
12:49:02 AM	SIG#305	[1,0,1,0,0,0,1,0,1,1,0,0,1,0,1,1,0,0,1,0,1,1,0,1,1,0,1,1,0,1,0,0,1,1,0,1,0,0,1,1,0,1,0,0,0,1,0,1,0,0,0,1,0,1,0,0,0,1,1,1,0,0,0,1,1]	pk=1	len=65
12:48:25 AM	SIG#285–304	[1,1,0,1,1,1,1,0,1,1,0,2,1,0,2,0,0,2,0,2,2,0,2,0,2,0,0,0,0,0,1,0,1,0,1,0,1,1,0,1,0,1,0,1,0,1]	pk=2	len=undefined
12:48:24 AM	SIG#284	[1,0,0,0,1,0,1,0,0,0,1,1,1,0,0,0,1,1]	pk=1	len=18
12:48:04 AM	SIG#270–283	[2,0,2,0,0,1,2,0,1,1,0,1,1,0,1,1,0,1,1,1,1,0,1,1,0,1,0,1,0,1,0,0,1,0,1]	pk=2	len=undefined
12:48:04 AM	SIG#269	[2,0,1,0,0,0,2,0,1,1,0,0,2,0,1,1,1,0,2,0,1,1,1,0,2,0,1,1,1,0,1,0,1,1,1,0,1,0,1,1,1,0,1,0,1,1,1,0,1,0,1,0,1,0,1,0,1,0,1,0,1,0,1,0,1,0,1,0,1,0,1,0,0,0,1,0,1,0,0,2,1,0,1,0,0,2,0,0,1,0,0,2,0,0,1,0,0,2]	pk=2	len=98
12:47:10 AM	SIG#239–268	[1,0,2,1,0,2,0,2,0,2,2,0,2,0,0,2,0,0,1,0,1,0,1,0,0,1,1,0,1,0,1,1,0,1,0,1,0,1,1,0,1,0,0,1,0,2,0,0,2,0,2,0,2,2,0,2,0,2,0,0,0,0,2,0,0,2]	pk=2	len=undefined
12:47:09 AM	SIG#238	[2,1,0,1,0,0,2,1,0,1,0,0,2,1,0,1,0,0,2,1,0,1,0,0,0,1,0,1]	pk=2	len=28
12:47:03 AM	SIG#237	[2,0,0,0,1,0,2,0,0,0,1,0,2,0,0,0,1,0,1,0,0,0,1,0,1,0,0,0,1,0,1,0,0,0,1,0,1,0,0,0,1,0,1,0,0,0,2,0,1,0,0,0,2,1,1,0,0,0,2,1]	pk=2	len=60
12:46:26 AM	SIG#223–236	[1,0,1,0,0,1,0,0,0,0,0,0,0,2,0,2,0,2,0,2,2,0,0,2,0,2,0,0,0,0,0,2,0,2,0,2,0,0,2]	pk=2	len=undefined
12:46:26 AM	SIG#222	[1,1,1,0,0,0,1,1,1,0,0,0,1,1,1,0,1,0,1,1,1,0,1,0,1,1,1,0,1,0,0,1,1,0,1,0,0,1,1,0,1,0,0,1,0,0,1,0,0,1,0,0,1,0,0,1]	pk=1	len=56
12:45:39 AM	SIG#204–221	[1,1,0,0,1,0,2,0,2,0,2,0,2,2,0,0,2,0,2,0,0,0,0,0,0,0,0,0,0,1,0,0,1,0,1,0,0,1,1,0,1,0,0,1,0,0,0,0,0,0,0,1,0,1,1]	pk=2	len=undefined
12:45:38 AM	SIG#203	[1,0,0,1,0,0,1,0,0,1,1,0,1,0,0,1,1,1,1,0,0,1,1,1,0,0,0,1,1,1,0,0,0,1,1,1,0,0,0,1,1,1]	pk=1	len=42
12:45:15 AM	SIG#189–202	[2,2,0,2,2,0,2,0,1,0,1,1,0,1,1,0,1,1,0,1,1,1,1,0,1,1,0,0,1,0,1,0,0,1,0,1]	pk=2	len=undefined
12:45:15 AM	SIG#188	[1,1,0,2,0,0,1,1,0,2,2,0,1,1,0,2,2,0,1,1,0,2,2,0,0,1,0,2,2]	pk=2	len=29
12:44:31 AM	SIG#168–187	[1,0,1,0,1,0,0,1,0,1,1,0,0,1,1,0,1,1,0,0,1,1,1,1,0,1,1,0,1,1,0,1,0,1,0,0,1,1,0,1,0,1,0,0,0,0,0,0,0,0,0,0,0,0,1,0,1,1,0,1,1]	pk=1	len=undefined
12:44:31 AM	SIG#167	[1,0,0,1,0,0,1,0,0,1,1,0,1,0,0,1,1,0,1,0,0,1,1,0,1,0,0,1,1,0,1,0,0,1,1,0,1,0,0,1,1,0,1,0,0,1,1,0,1,0,0,1,0,0,1,0,0,1,0,0,1,0,0,1]	pk=1	len=64
12:44:18 AM	SIG#166	[1,0,0,0,1,0,1,0,0,0,1,0,1,0,0,0,1]	pk=1	len=17
12:44:13 AM	SIG#165–165	[1]	pk=1	len=undefined
12:44:12 AM	SIG#164	[1,1,0,0,0,1,1,1,0,0,0,1,0,1,0,0,0,1]	pk=1	len=18
12:44:01 AM	SIG#157–163	[1,0,1,0,0,1,0,1,1,0,1,1,0,0,1,1,0,1,1]	pk=1	len=undefined
12:44:00 AM	SIG#156	[1,0,0,2,0,0,1,0,0,2,0,0,1,0,0,2,0,1,1,0,0,2,0,1,0,0,0,2,0,1,0,0,0,2,0,1,0,0,0,2,0,1]	pk=2	len=42
12:43:35 AM	SIG#149–155	[2,2,2,2,0,2,2,0,0,2,0,0,0,0,0,0,0,0,0,0,0,0,1,0,1,0,0,1]	pk=2	len=undefined
12:43:33 AM	SIG#148	[1,1,0,1,0,0,1,1,0,1,0,0,1,1,0,1,0,0,1,1,0,1,0,0,2,1,0,1,0,0,2,2,0,1,0,0,2,2,0,1,0,0,2,2]	pk=2	len=44
12:43:01 AM	SIG#135–147	[1,1,0,1,1,0,0,1,0,0,1,0,1,0,1,0,0,1,1,0,1,0,0,1,0,0,0,0,0,0,0,0,1,0,0,1,1,0,1,1]	pk=1	len=undefined
12:43:01 AM	SIG#134	[1,0,0,0,1,0,1,0,0,0,1,0,1,0,0,0,1,0,1,0,0,0,1,0,1,1,0,0,1,0,1,1,0,0,1,0,1,1,0,0,1,0,1,1]	pk=1	len=44
12:42:52 AM	SIG#133–133	[1]	pk=1	len=undefined
12:42:50 AM	SIG#132	[1,1,0,0,0,1,1,1,0,0,0,1,0,1,0,0,0,1]	pk=1	len=18
12:42:46 AM	SIG#131–131	[1,1]	pk=1	len=undefined
12:42:45 AM	SIG#130	[1,0,0,0,1,0,1,0,0,0,1,0,1,0,0,0,1,0,3,0,0,0,1,0,3,0,0,0,1,0,3,0,0,0,1,0,3,0,0,1,1,0,3,0,0,1,1,0,3,0,0,1,1,0,3,0,0,1,1]	pk=3	len=59
12:42:25 AM	SIG#122–129	[1,1,0,1,0,0,1,0,1,0,1,0,1,0,1]	pk=1	len=undefined
12:42:23 AM	SIG#121	[1,0,0,0,1,0,1,0,0,0,1,0,1,0,0,0,1]	pk=1	len=17
12:42:14 AM	SIG#115–120	[2,0,0,2,0,1,2,0,1,0,1,0,1]	pk=2	len=undefined
12:42:14 AM	SIG#114	[3,0,0,2,0,0,3,0,0,2,0,0,3,0,0,2,0,0,3,0,0,2]	pk=3	len=22
12:42:09 AM	SIG#113	[2,0,0,0,3,0,2,0,0,0,3,0,2,0,0,0,3]	pk=3	len=17
12:41:57 AM	SIG#107–112	[2,0,2,0,0,2,0,2,0,0,2,0,2]	pk=2	len=undefined
12:41:56 AM	SIG#106	[1,0,0,1,0,0,1,0,0,1,1,0,1,0,0,1,1,1,1,0,0,1,1,1,0,0,0,1,1,1,0,2,0,1,1,1,0,2,0,1,1,1,0,2,0,0,1,1,0,2,0,0,0,1,0,2]	pk=2	len=56
12:41:45 AM	SIG#105	[1,0,0,0,1,0,1,0,0,0,1,0,1,0,0,0,1]	pk=1	len=17
12:41:33 AM	SIG#97–104	[1,1,0,1,0,1,0,1,0,1,0,0,1,0,1]	pk=1	len=undefined
12:41:32 AM	SIG#96	[1,1,0,0,0,1,1,1,0,0,0,1,0,1,0,0,0,1]	pk=1	len=18
12:41:28 AM	SIG#95	[2,1,1,0,0,0,2,1,1,1,0,0,2,1,1,1,1,0,2,1,1,1,1,0,2,1,1,1,1,0,1,1,1,1,1,0,1,1,1,1,1,0,1,1,0,1,1,0,1,1,0,0,1,0,1,1]	pk=2	len=56
12:41:13 AM	SIG#91–94	[1,0,1,0,2,0,2,1]	pk=2	len=undefined
12:41:11 AM	SIG#90	[1,1,0,0,1,0,1,1,0,0,1,2,1,1,0,0,1,2,2,1,0,0,1,2,2,1,0,0,1,2,2,1,0,0,1,2,2,1,0,1,1,2,2,1,0,1,0,2,2,1,0,1,0,1,2,1,0,1,0,1,0,1,0,1,0,1,0,0,0,1,0,1,0,0,0,1,0,1]	pk=2	len=78
12:40:05 AM	SIG#55–89	[2,2,0,2,0,0,0,0,0,1,0,1,0,0,1,0,1,1,0,1,0,1,0,1,0,1,1,0,1,1,0,1,1,0,1,1,1,1,0,0,1,1,0,1,0,0,0,0,0,0,0,0,0,0,0,1,0,1,0,1,0,0,1,1,0,1,0,0,1,0,1,0,1,0,1,0,1,1,0,0,1,0,1,0,1,0,0,1,1,0,1,1,0,0,1,1]	pk=2	len=undefined
12:40:04 AM	SIG#54	[2,1,1,0,0,0,2,1,1,0,0,0,2,1,1,0,0,0,2,1,1,0,0,0,2,1,1,0,0,0,1,1,1,0,0,0,1,1,1,0,0,0,1,1,1,0,0,0,1,1,1,0,0,0,1,1,1,0,1,0,1,1,1,0,1,2,1,1,1,0,1,2,2,1,1,0,1,2,2,0,1,0,1,2,2,0,0,0,1,2,2,0,0,0,1,2,2]	pk=2	len=97
12:39:17 AM	SIG#41–53	[1,1,0,0,1,0,2,1,0,2,1,0,0,2,1,0,2,1,0,0,2,1,2,1,0,2,1,0,1,0,0,0,0,0,0,0,0,0,0,0,0,2,0,2,1]	pk=2	len=undefined
12:39:16 AM	SIG#40	[1,0,0,0,1,0,1,0,0,0,1,0,1,0,0,0,1]	pk=1	len=17
12:38:52 AM	SIG#28–39	[1,0,1,1,0,1,0,1,0,1,1,0,0,1,0,1,0,0,0,0,0,0,0,0,0,1,0,1,0,1,0,1]	pk=1	len=undefined
12:38:51 AM	SIG#27	[1,0,0,0,1,0,1,0,0,0,1,0,1,0,0,0,1,0,1,0,0,0,1,0,1,0,0,0,1,0,1,0,0,0,1,0,1,0,0,0,1,0,1]	pk=1	len=43
12:38:42 AM	SIG#26–26	[1]	pk=1	len=undefined
12:38:41 AM	SIG#25	[1,1,0,0,0,1,1,1,0,0,0,1,0,1,0,0,0,1]	pk=1	len=18
12:38:25 AM	SIG#17–24	[1,0,1,0,1,0,0,0,0,1,0,1,1,0,1,1,0,0,1,1,0,1,1]	pk=1	len=undefined
12:38:25 AM	SIG#16	[1,0,0,1,0,0,1,0,0,1,0,0,1,0,0,1,0,0,1,0,0,1]	pk=1	len=22
12:38:04 AM	SIG#11–15	[1,1,0,1,0,0,0,0,0,0,0,0,0,0,0,0,1,0,1,0,1]	pk=1	len=undefined
12:38:03 AM	SIG#10	[1,1,1,0,0,0,1,1,1,0,0,0,1,1,1,0,0,0,1,1,1,0,0,0,1,1,1]	pk=1	len=27
12:37:53 AM	SIG#5–9	[1,1,0,1,0,1,1,0,0,1,1]	pk=1	len=undefined
12:37:52 AM	SIG#4	[2,1,0,0,0,1,2,1,0,0,0,1,0,1,0,0,0,1]	pk=2	len=18
12:37:46 AM	SIG#1–3	[1,0,0,0,2,1,0,2,1,0,2,1]	pk=2	len=undefined
12:32:51 AM	SIG#627	[2,0,0,0,1,0,2,0,0,0,1,0,2,0,0,0,1,0,2,0,0,0,1,0,2,1,0,0,1,0,2,1,0,0,1,0,2,1,0,1,1,0,2,1,0,1,0,0,2,1,0,1,0,1,2,1,0,1,0,1,0,1,0,1,0,1,0,1,0,1,0,1,0,1,1,1,0,1,0,1,1,0,0,1,0,1,1,0,0,1,0,1,1,0,0,1,0,1,1,0,0,1,0,1,1,0,0,1,0,0,1,0,0,1]	pk=2	len=114
12:32:05 AM	SIG#614–626	[1,1,0,0,1,0,0,0,0,0,1,0,1,0,1,0,1,1,0,1,0,1,0,0,0,0,0,0,0,2,0,2,0,2,0,2]	pk=2	len=undefined
12:32:04 AM	SIG#613	[2,1,1,0,0,0,2,1,1,0,0,0,2,1,1,0,0,0,2,1,1,0,0,0,2,1,1]	pk=2	len=27
12:31:52 AM	SIG#607–612	[2,2,0,2,0,0,2,0,0,2,0,2,1]	pk=2	len=undefined
12:31:50 AM	SIG#606	[1,0,0,0,2,0,1,0,0,0,2,0,1,0,0,0,2]	pk=2	len=17
12:31:35 AM	SIG#600–605	[1,0,1,0,0,0,0,0,0,0,1,0,1,0,1,0,1]	pk=1	len=undefined
12:31:34 AM	SIG#599	[2,0,1,0,0,0,2,0,1,0,0,0,2,0,1,0,0,0,2,0,1,0,0,0,2,0,1]	pk=2	len=27
12:31:18 AM	SIG#589–598	[3,0,3,0,2,3,0,2,0,0,2,0,2,2,0,2,0,2,2,0,2]	pk=3	len=undefined
12:31:18 AM	SIG#588	[2,1,1,0,0,0,2,1,1,1,0,0,2,1,1,1,0,0,2,1,1,1,0,0,2,1,1,1,0,0,3,1,1,1,0,0,3,0,1,1,0,0,3,0,0,1,0,0,3,0,0,3,0,0,3,0,0,3,0,0,3,0,0,3,0,0,3,0,0,3]	pk=3	len=70
12:31:00 AM	SIG#583–587	[2,2,0,2,0,0,2,2,0,2,1]	pk=2	len=undefined
12:30:59 AM	SIG#582	[2,1,0,0,0,2,2,1,0,0,0,2,0,1,0,0,0,2]	pk=2	len=18
12:30:55 AM	SIG#581–581	[2,1]	pk=2	len=undefined
12:30:54 AM	SIG#580	[1,0,1,0,0,0,1,0,1,2,0,0,1,0,1,2,0,0,1,0,1,2,0,0,1,0,1,2,0,0,2,0,1,2,0,0,2,1,1,2,0,0,2,1,0,2,0,0,2,1]	pk=2	len=50
12:30:24 AM	SIG#569–579	[1,0,0,1,0,0,0,0,0,0,1,0,1,0,1,0,1,1,0,1,0,0,1,0,0,0,0,1,0,1]	pk=1	len=undefined
12:30:23 AM	SIG#568	[1,0,1,0,0,0,1,0,1,0,0,0,1,0,1,0,0,0,1,0,1,0,0,0,1,0,1]	pk=1	len=27
12:30:09 AM	SIG#563–567	[1,1,0,1,1,0,1,0,0,0,0,0,0,1,0,1]	pk=1	len=undefined
12:30:08 AM	SIG#562	[1,0,1,0,0,0,1,0,1,1,0,0,1,0,1,1,0,0,1,0,1,1,0,0,1,0,1,1]	pk=1	len=28
12:29:57 AM	SIG#556–561	[1,1,0,0,1,0,1,0,1,0,1]	pk=1	len=undefined
12:29:55 AM	SIG#555	[1,0,0,0,1,0,1,0,0,0,1,0,1,0,0,0,1]	pk=1	len=17
12:29:43 AM	SIG#549–554	[1,0,1,0,0,0,1,0,1,0,1,0,1]	pk=1	len=undefined
12:29:42 AM	SIG#548	[1,0,0,1,0,0,1,0,0,1,0,0,1,0,0,1,0,1,1,0,0,1,0,1,0,0,0,1,0,1,0,0,0,1,0,1,0,0,0,1,0,1]	pk=1	len=42
12:29:29 AM	SIG#543–547	[1,0,1,0,1,1,0,1,0,1]	pk=1	len=undefined
12:29:29 AM	SIG#542	[1,2,0,0,1,0,1,2,0,0,1,0,1,2,0,0,1,0,0,2,0,0,1]	pk=2	len=23
12:29:05 AM	SIG#527–541	[2,2,0,2,0,0,2,0,0,0,0,2,0,2,1,0,0,2,1,0,2,1,0,0,2,1,2,1,0,2,1,0,1,1,0,1,2,0,1,2,0,0,1,2]	pk=2	len=undefined
12:29:04 AM	SIG#526	[1,0,0,0,2,0,1,0,0,0,2,0,1,0,0,0,2]	pk=2	len=17
12:28:50 AM	SIG#519–525	[2,0,2,0,2,0,0,0,0,1,0,0,1,0,1,0,1]	pk=2	len=undefined
12:28:50 AM	SIG#518	[2,0,0,2,0,0,2,0,0,2,0,0,2,0,0,2,0,0,2,0,0,2]	pk=2	len=22
12:28:45 AM	SIG#517	[1,0,1,0,0,0,1,0,1,0,0,0,1,0,1,0,1,0,1,0,1,0,1,0,1,0,1,0,1,0,0,0,1,0,1,0,0,0,1,0,1,0,0,0,1,0,1,0,0,0,1,0,1,0,0,0,1,0,1,0,0,0,1,0,1,1,0,0,1,0,1,1,1,0,1,0,1,1,1,0,1,0,1,1,1,0,0,0,1,1,1,0,0,0,1,1,1,0,0,0,2,1,1,0,0,0,2,0,1,0,0,0,2]	pk=2	len=113
12:28:14 AM	SIG#512–516	[1,0,1,0,1,0,0,0,0,0,1,0,1]	pk=1	len=undefined
12:28:14 AM	SIG#511	[1,1,0,0,1,0,1,1,0,0,1,0,1,1,0,0,1,0,0,1,0,0,1,0,0,1,0,0,1,0,0,1,0,0,1,0,0,1,0,0,1,0,0,1]	pk=1	len=44
12:27:39 AM	SIG#505–510	[1,1,0,0,1,0,0,0,0,0,0,0,0,0,0,0,0,1,0,0,1,1,0,1,1,0,0,1,1]	pk=1	len=undefined
12:27:38 AM	SIG#504	[1,1,1,0,0,0,1,1,1,0,0,0,1,1,1,0,0,0,1,1,1,0,0,0,1,1,1]	pk=1	len=27
12:27:22 AM	SIG#494–503	[1,0,1,1,0,1,0,1,0,1,1,0,1,0,1,0,0,1,0,1,1]	pk=1	len=undefined
12:27:21 AM	SIG#493	[1,0,1,0,0,0,1,0,1,0,0,0,1,0,1,0,0,0,1,0,1,0,0,0,1,0,1]	pk=1	len=27
12:27:09 AM	SIG#488–492	[1,0,1,0,1,0,0,0,1,0,1]	pk=1	len=undefined
12:27:09 AM	SIG#487	[1,1,0,0,3,0,1,1,0,0,3,0,1,1,0,0,3,0,0,1,0,0,3,0,0,2,0,0,3,0,0,2,0,0,3,0,0,2,0,0,3,0,0,2,0,0,1,0,0,2,0,0,1,0,0,2,0,0,1,0,0,2,0,0,1]	pk=3	len=65
12:26:49 AM	SIG#481–486	[1,0,1,0,1,0,1,1,0,1,1,0,0,1,1]	pk=1	len=undefined
12:26:48 AM	SIG#480	[1,1,2,0,0,0,1,1,2,0,0,0,1,1,2,0,1,0,1,1,2,0,1,0,1,1,2,0,1,0,0,1,2,0,1,0,0,0,2,0,1]	pk=2	len=41
12:26:17 AM	SIG#467–479	[2,1,2,1,0,2,1,0,0,1,0,0,1,0,1,0,1,0,0,1,1,0,1,0,1,0,0,0,0,0,0,0,0,0,0,1,0,1,1]	pk=2	len=undefined
12:26:15 AM	SIG#466	[1,0,0,2,0,0,1,0,0,2,1,0,1,0,0,2,1,0,1,0,0,2,1]	pk=2	len=23
12:25:58 AM	SIG#455–465	[1,1,0,1,1,0,1,0,1,0,1,1,0,0,1,0,1,0,0,1,0,1,0,1]	pk=1	len=undefined
12:25:57 AM	SIG#454	[1,1,1,0,0,0,1,1,1,0,0,0,1,1,1,0,0,0,1,1,1,0,0,0,1,1,1]	pk=1	len=27
12:25:30 AM	SIG#435–453	[1,0,1,1,0,1,1,0,1,1,0,1,1,0,1,1,1,1,0,1,1,0,1,0,0,0,2,0,2,1,0,0,2,1,0,2,1,0,2,1,2,1,0,2,1,0,0,1,0,1,0,1,1]	pk=2	len=undefined
12:25:29 AM	SIG#434	[1,1,0,1,0,0,1,1,0,1,0,0,1,1,0,1,0,0,1,1,0,1,0,0,0,1,0,1]	pk=1	len=28
12:25:23 AM	SIG#433	[1,1,0,0,0,1,1,1,0,0,0,1,1,1,0,0,0,1,1]	pk=1	len=19
12:25:19 AM	SIG#432	[1,0,0,0,1,0,1,0,0,0,1,1,1,0,0,0,1,1,2,0,0,0,1,1,2,0,0,0,1,1,2,0,1,0,1,1,2,0,1,1,1,1,2,0,1,1,0,1,2,0,1,1,0,0,2,0,1,1]	pk=2	len=58
12:25:07 AM	SIG#431	[1,0,0,1,0,0,1,0,0,1,0,0,1,0,0,1,0,0,1,0,0,1]	pk=1	len=22
12:24:55 AM	SIG#426–430	[2,0,0,2,0,0,0,1,0,1,0,1]	pk=2	len=undefined
12:24:54 AM	SIG#425	[2,0,0,1,0,0,2,0,0,1,0,0,2,0,0,1,0,1,2,0,0,1,0,1,1,0,0,1,0,1,1,1,0,1,0,1,1,1,1,1,0,1,1,1,1,0,0,1,1,1,1,0,2,1,1,1,1,0,2,0,1,1,1,0,2,0,0,1,1,0,2,0,0,0,1,0,2]	pk=2	len=77
12:24:35 AM	SIG#420–424	[1,0,1,0,2,0,2,0,0,2]	pk=2	len=undefined
12:24:34 AM	SIG#419	[1,0,1,0,0,0,1,0,1,0,0,0,1,0,1,0,0,0,1,0,1,0,0,0,1,0,1]	pk=1	len=27
12:24:23 AM	SIG#414–418	[1,0,1,0,1,0,0,1,0,1]	pk=1	len=undefined
12:24:23 AM	SIG#413	[1,0,0,1,0,0,1,0,0,1,0,0,1,0,0,1,0,0,1,0,0,1]	pk=1	len=22
12:23:33 AM	SIG#374–412	[1,0,1,0,1,0,0,1,0,1,0,0,1,0,1,1,0,1,0,1,0,0,1,0,1,0,1,0,1,1,0,1,0,0,1,0,1,0,1,0,1,0,0,1,1,0,1,0,1,1,0,1,0,1,0,0,1,1,0,1,0,1,0,0,1,0,0,1,0,1,0,1,1,0,1,0,0,1,1,0,1,0,1]	pk=1	len=undefined
12:23:33 AM	SIG#373	[1,0,3,0,0,0,1,0,3,2,0,0,1,0,3,2,0,0,1,0,3,2,0,0,1,0,3,2,0,0,1,0,3,2,0,0,1,0,3,2,0,0,1,0,0,2,0,0,1]	pk=3	len=49
12:23:19 AM	SIG#369–372	[1,0,1,0,0,1,0,1]	pk=1	len=undefined
12:23:17 AM	SIG#368	[1,1,0,1,0,0,1,1,0,1,0,0,1,1,0,1,0,0,1,1,0,1,0,0,0,1,0,1]	pk=1	len=28
12:22:51 AM	SIG#357–367	[2,0,2,0,0,0,0,0,0,0,0,0,0,0,1,0,1,0,1,0,1,1,0,1,0,0,1,1,0,1,1,0,0,1,1]	pk=2	len=undefined
12:22:50 AM	SIG#356	[1,0,2,0,0,0,1,0,2,0,0,0,1,0,2,0,0,0,1,0,2,0,0,0,1,0,2]	pk=2	len=27
12:22:33 AM	SIG#346–355	[1,0,2,1,0,2,0,2,0,2,2,0,2,0,2,0,0,1,0,0,1]	pk=2	len=undefined
12:22:31 AM	SIG#345	[2,1,0,0,0,1,2,1,0,0,0,1,0,1,0,0,0,1,0,1,0,0,0,1,0,1,0,0,0,1,0,1,0,0,0,1,0,1,0,0,0,1,0,1]	pk=2	len=44
12:22:14 AM	SIG#337–344	[2,0,2,0,2,0,2,0,2,1,0,0,2,1,0,2,1,0,2,1]	pk=2	len=undefined
12:22:14 AM	SIG#336	[1,0,0,2,0,0,1,0,0,2,0,0,1,0,0,2,0,0,1,0,0,2]	pk=2	len=22
12:21:58 AM	SIG#331–335	[1,0,1,0,0,0,0,0,0,1,0,1,0,0,1]	pk=1	len=undefined
12:21:57 AM	SIG#330	[2,1,0,1,0,0,2,1,0,1,0,0,2,1,0,1,0,0,2,1,0,1,0,0,0,1,0,1,0,0,0,1,0,1,0,0,0,1,0,1,0,0,0,1,0,2,0,0,0,1,0,2,0,0,0,1,0,2,0,1,0,1,0,2,0,1,0,1,0,2,0,1,0,0,0,2,0,1,0,0,0,2,0,1]	pk=2	len=84
12:21:41 AM	SIG#329	[1,0,0,0,2,0,1,0,0,0,2,1,1,0,0,0,2,1]	pk=2	len=18
12:21:36 AM	SIG#328	[1,0,0,1,0,0,1,0,0,1,0,0,1,0,0,1,0,0,1,0,0,1]	pk=1	len=22
12:21:00 AM	SIG#313–327	[3,3,0,3,0,0,3,0,0,0,0,0,0,0,0,0,1,0,0,1,1,0,1,1,0,1,1,0,1,1,1,1,0,1,1,0,1,0,0,0,0,0,0,0,0,0,1,0,1,0,1]	pk=3	len=undefined
12:20:59 AM	SIG#312	[1,1,0,0,0,3,1,1,0,0,0,3,0,1,0,0,0,3]	pk=3	len=18
12:20:54 AM	SIG#311	[1,0,1,0,0,0,1,0,1,0,0,0,1,0,1,0,1,0,1,0,1,0,1,1,1,0,1,0,1,1,0,0,1,0,1,1,0,0,1,0,1,1]	pk=1	len=42
12:20:38 AM	SIG#307–310	[1,0,1,0,0,0,0,0,0,1,0,1]	pk=1	len=undefined
12:20:36 AM	SIG#306	[1,0,1,0,0,0,1,0,1,0,0,0,1,0,1,0,0,0,1,0,1,0,0,0,1,0,1]	pk=1	len=27
12:19:51 AM	SIG#281–305	[1,1,0,1,1,0,1,0,0,0,0,0,0,0,0,0,0,0,2,0,2,0,2,0,0,2,2,0,2,0,2,0,0,0,1,0,1,0,1,0,1,1,0,1,0,1,0,0,0,0,0,1,0,1,0,1,0,0,1,1,0,1,0,1,1,0,1]	pk=2	len=undefined
12:19:51 AM	SIG#280	[1,0,0,1,0,0,1,0,0,1,0,0,1,0,0,1,0,0,1,0,0,1,0,0,1,0,0,1,0,0,1,0,0,1,0,0,1,0,1,1,0,0,1,0,1,1,0,0,1,0,1,1,0,0,1,0,1,1,0,0,1,0,1,1]	pk=1	len=64
12:19:38 AM	SIG#279	[1,3,1,0,0,0,1,3,1,1,0,0,1,3,1,1,0,0,1,3,1,1,0,0,1,3,1,1,0,0,0,3,1,1,0,0,0,1,1,1,0,0,0,1,0,1,0,0,0,1]	pk=3	len=50
12:19:20 AM	SIG#273–278	[2,1,2,1,0,2,1,0,1,0,0,0,1,0,1,3]	pk=3	len=undefined
12:19:19 AM	SIG#272	[1,0,0,2,0,0,1,0,0,2,1,0,1,0,0,2,1,0,1,0,0,2,1]	pk=2	len=23
12:19:03 AM	SIG#262–271	[1,0,1,1,0,1,0,1,0,1,1,0,1,0,1,1,0,1,0,0,0,1]	pk=1	len=undefined
12:19:02 AM	SIG#261	[1,2,2,0,0,0,1,2,2,0,0,0,1,2,2,0,0,0,1,2,2,0,0,0,1,2,2,0,0,0,1,2,2,0,0,0,1,0,2,0,0,0,1,0,1,0,0,0,1,0,1,0,0,0,1,0,1,0,0,0,1,0,1,0,0,0,1,0,1]	pk=2	len=69
12:18:41 AM	SIG#255–260	[1,1,0,1,0,1,0,0,0,1,0,1,2]	pk=2	len=undefined
12:18:40 AM	SIG#254	[1,0,0,0,1,0,1,0,0,0,1,0,1,0,0,0,1]	pk=1	len=17
12:18:20 AM	SIG#241–253	[1,0,1,0,1,1,0,0,1,0,1,0,1,1,0,1,0,1,0,0,1,0,1,0,0,1,0,1]	pk=1	len=undefined
12:18:20 AM	SIG#240	[1,0,0,1,0,0,1,0,0,1,0,0,1,0,0,1,0,0,1,0,0,1]	pk=1	len=22
12:18:10 AM	SIG#235–239	[2,1,0,2,1,0,1,1,0,1,0,0,1]	pk=2	len=undefined
12:18:10 AM	SIG#234	[1,0,0,1,0,0,1,0,0,1,0,0,1,0,0,1,0,2,1,0,0,1,0,2,1,0,0,1,0,2,1,0,0,1,0,2,1,0,0,1,0,2,1]	pk=2	len=43
12:17:56 AM	SIG#229–233	[2,0,2,0,1,0,0,1,0,1]	pk=2	len=undefined
12:17:55 AM	SIG#228	[1,1,0,0,1,0,1,1,0,0,1,0,1,1,0,0,1,0,2,1,0,0,1,0,2,0,0,0,1,0,2,0,0,0,1,0,2,0,0,0,1,0,2]	pk=2	len=43
12:17:39 AM	SIG#220–227	[1,1,0,1,0,1,0,1,0,1,1,0,1,1,0,0,1,1]	pk=1	len=undefined
12:17:38 AM	SIG#219	[1,0,0,0,1,0,1,0,0,0,1,0,1,0,0,0,1]	pk=1	len=17
12:17:33 AM	SIG#218	[1,0,1,0,0,0,1,0,1,0,0,0,1,0,1,0,1,0,1,0,1,0,1,0,1,0,1,0,1,0,0,0,1,0,1,0,0,1,1,0,1,0,0,1,0,0,1,0,0,1,0,0,1,0,0,1]	pk=1	len=56
12:17:18 AM	SIG#214–217	[1,0,1,0,1,0,1]	pk=1	len=undefined
12:17:17 AM	SIG#213	[2,1,0,0,0,1,2,1,0,0,0,1,0,1,0,0,0,1,0,1,0,0,0,1,0,1,0,0,0,1,0,1,0,0,0,1,0,1,0,0,0,1,0,1]	pk=2	len=44
12:17:08 AM	SIG#212	[1,1,0,1,0,0,1,1,0,1,0,0,1,1,0,1,0,2,1,1,0,1,0,2,1,1,0,1,0,2,1,0,0,1,0,2,1,0,0,1,0,2,1]	pk=2	len=43
12:16:53 AM	SIG#206–211	[1,0,1,0,1,0,1,0,1,1,0,0,1,1]	pk=1	len=undefined
12:16:53 AM	SIG#205	[2,0,1,0,0,0,2,0,1,0,0,0,2,0,1,0,0,0,2,0,1,0,0,1,2,0,1,0,0,1,0,0,1,0,0,1,0,0,1,0,0,1]	pk=2	len=42
12:16:28 AM	SIG#193–204	[1,0,1,0,1,0,0,1,0,0,1,0,1,0,1,1,0,1,0,1,0,0,2,0,2]	pk=2	len=undefined
12:16:28 AM	SIG#192	[1,1,0,0,1,0,1,1,0,0,1,0,1,1,0,0,1,0,0,1,0,0,1]	pk=1	len=23
12:16:23 AM	SIG#191–191	[1,1]	pk=1	len=undefined
12:16:22 AM	SIG#190	[1,0,0,0,1,0,1,0,0,0,1,1,1,0,0,0,1,1]	pk=1	len=18
12:16:17 AM	SIG#189–189	[1]	pk=1	len=undefined
12:16:16 AM	SIG#188	[1,0,1,0,0,0,1,0,1,0,0,0,1,0,1,0,0,0,1,0,1,0,0,0,1,0,1,0,0,0,1,0,1,0,0,0,1,0,1,0,0,0,1]	pk=1	len=43
12:16:03 AM	SIG#184–187	[2,0,2,0,1,2,0,1]	pk=2	len=undefined
12:16:03 AM	SIG#183	[1,0,0,1,0,0,1,0,0,1,0,0,1,0,0,1,0,0,1,0,0,1,0,0,2,0,0,1,0,0,2,0,0,1,0,0,2,0,0,1,0,0,2]	pk=2	len=43
12:15:54 AM	SIG#182–182	[1]	pk=1	len=undefined
12:15:54 AM	SIG#181	[1,0,0,0,1,0,1,0,0,0,1,0,1,0,0,0,1]	pk=1	len=17
12:15:41 AM	SIG#174–180	[2,0,2,0,2,0,0,0,1,0,1,0,1,0,1]	pk=2	len=undefined
12:15:41 AM	SIG#173	[1,0,0,2,0,0,1,0,0,2,0,0,1,0,0,2,0,0,1,0,0,2]	pk=2	len=22
12:15:11 AM	SIG#160–172	[1,0,1,0,1,0,0,0,0,0,0,0,1,0,1,0,1,0,1,1,0,1,0,1,0,0,0,0,0,0,0,1,0,1,0,1]	pk=1	len=undefined
12:15:11 AM	SIG#159	[1,0,0,1,0,0,1,0,0,1,0,0,1,0,0,1,0,0,1,0,0,1]	pk=1	len=22
12:14:53 AM	SIG#153–158	[1,0,1,0,0,1,0,0,0,0,0,0,1,0,1,0,1]	pk=1	len=undefined
12:14:53 AM	SIG#152	[2,0,1,0,0,0,2,0,1,0,0,0,2,0,1,0,0,0,2,0,1,0,0,1,2,0,1,0,0,1,0,0,1,0,0,1,0,0,1,0,0,1]	pk=2	len=42
12:14:22 AM	SIG#138–151	[1,1,0,0,1,1,1,1,0,1,1,0,1,0,0,0,0,0,0,0,0,1,0,1,0,1,0,1,1,0,1,0,1,0,0,0,0,2,0,2]	pk=2	len=undefined
12:14:21 AM	SIG#137	[2,1,0,0,0,1,2,1,0,0,0,1,1,1,0,0,0,1,1]	pk=2	len=19
12:14:18 AM	SIG#136–136	[2,1]	pk=2	len=undefined
12:14:16 AM	SIG#135	[1,1,1,0,0,0,1,1,1,0,0,0,1,1,1,0,0,0,1,1,1,0,0,2,1,1,1,0,0,2,1,1,1,0,0,2,1,0,1,0,0,2,1]	pk=2	len=43
12:14:01 AM	SIG#130–134	[1,0,1,0,1,0,0,1,0,1,1]	pk=1	len=undefined
12:14:01 AM	SIG#129	[1,1,0,0,1,0,1,1,0,0,1,0,1,1,0,0,1,0,0,1,0,0,1]	pk=1	len=23
12:13:56 AM	SIG#128–128	[1,1]	pk=1	len=undefined
12:13:55 AM	SIG#127	[2,0,0,0,1,0,2,0,0,0,1,1,2,0,0,0,1,1]	pk=2	len=18
12:13:50 AM	SIG#126	[1,1,0,0,0,2,1,1,0,0,0,2,0,1,0,0,0,2,0,1,0,0,0,2,0,1,0,0,0,2,0,1,0,0,0,2,0,1,0,0,2,2,0,1,0,0,2,0,0,1,0,0,2,0,0,1,0,0,2]	pk=2	len=59
12:13:12 AM	SIG#112–125	[1,0,1,0,0,0,0,0,0,0,0,0,0,0,0,1,0,1,0,1,0,1,1,0,1,0,1,0,0,1,0,0,1,1,0,1,1,0,1,1,0,1,1]	pk=1	len=undefined
12:13:11 AM	SIG#111	[1,1,0,0,2,0,1,1,0,0,2,1,1,1,0,0,2,1,1,1,0,0,2,1,1,0,0,0,2,1,1,0,2,0,2,1,1,0,2,1,2,1,1,0,2,1,1,1,1,0,2,1,1,1,1,0,2,1,1,1,0,0,2,1,1,1,0,1,2,1,1,1,0,1,0,1,1,1,0,1,0,0,1,1,0,1,0,0,0,1,0,1]	pk=2	len=92
12:12:54 AM	SIG#110–110	[1,1]	pk=1	len=undefined
12:12:51 AM	SIG#109	[1,0,0,0,1,0,1,0,0,0,1,1,1,0,0,0,1,1]	pk=1	len=18
12:12:48 AM	SIG#108–108	[1]	pk=1	len=undefined
12:12:46 AM	SIG#107	[1,0,0,0,1,0,1,0,0,0,1,0,1,0,0,0,1]	pk=1	len=17
12:12:43 AM	SIG#106	[3,0,0,1,0,0,3,0,0,1,0,0,3,0,0,1,0,0,3,0,0,1]	pk=3	len=22
12:10:56 AM	SIG#44–105	[1,0,1,0,1,0,1,0,1,0,1,0,1,1,0,0,1,0,1,0,1,0,1,0,1,0,1,1,0,1,0,1,0,0,0,1,0,1,0,1,0,1,1,0,1,0,1,0,0,0,0,0,0,1,0,1,0,0,1,0,1,1,0,0,1,0,0,1,0,0,1,0,1,1,0,0,1,1,0,1,1,0,0,1,1,1,1,0,1,1,0,0,1,1,0,1,0,1,0,1,1,0,1,0,1,0,0,1,0,1,0,0,1,0,1,1,0,1,0,1,0,0,0,0,1,0,0,1,0,1,0,0,1,1,0,1,0,1,0,0,0,0,0,0,0,0,0,0,0,0,3,0,3,0,3]	pk=3	len=undefined
12:10:56 AM	SIG#43	[1,0,0,1,0,0,1,0,0,1,1,0,1,0,0,1,1,2,1,0,0,1,1,2,0,0,0,1,1,2,0,1,0,1,1,2,0,1,0,1,1,2,0,1,0,1,1,2,0,1,0,1,0,2,0,1,0,1,0,0,0,1,0,1,0,0,0,1,0,1,0,0,0,2,0,1,0,0,0,2,1,1,0,0,0,2,1,2,0,0,0,2,1,2,0,0,0,2,1,2,0,0,0,2,1,2,0,0,1,2,1,2,0,0,1,0,1,2,0,0,1,0,0,2,0,0,1]	pk=2	len=127
12:10:18 AM	SIG#31–42	[1,0,1,0,0,1,1,0,1,1,0,1,1,0,1,1,0,1,1,1,1,0,0,1,1,0,1,1,0,0,1,0,1]	pk=1	len=undefined
12:10:18 AM	SIG#30	[2,1,0,0,1,0,2,1,0,0,1,0,2,1,0,0,1,0,0,1,0,0,1]	pk=2	len=23
12:10:13 AM	SIG#29	[2,1,1,0,0,0,2,1,1,0,0,0,2,1,1,0,0,0,2,1,1,0,0,2,2,1,1,0,0,2,1,1,1,0,0,2,1,0,1,0,0,2,1]	pk=2	len=43
12:09:55 AM	SIG#25–28	[1,0,0,1,0,0,0,0,0,2,0,2,1]	pk=2	len=undefined
12:09:54 AM	SIG#24	[2,1,0,0,0,1,2,1,0,0,0,1,0,1,0,0,0,1,0,1,0,0,0,1,0,1,0,0,0,1,0,1,0,0,0,1,0,1,0,0,0,1,0,1]	pk=2	len=44
12:09:46 AM	SIG#22–23	[2,1,0,2,1]	pk=2	len=undefined
12:09:44 AM	SIG#21	[1,0,0,0,2,0,1,0,0,0,2,1,1,0,0,0,2,1]	pk=2	len=18
12:09:41 AM	SIG#20	[1,0,0,1,0,0,1,0,0,1,0,0,1,0,0,1,0,0,1,0,0,1]	pk=1	len=22
12:09:30 AM	SIG#15–19	[1,0,1,0,1,1,0,1,0,1]	pk=1	len=undefined
12:09:30 AM	SIG#14	[1,1,0,0,1,0,1,1,0,0,1,0,1,1,0,0,1,0,0,1,0,0,1]	pk=1	len=23
12:09:19 AM	SIG#9–13	[1,0,0,1,1,0,1,1,0,1,1,0,1,1]	pk=1	len=undefined
12:09:18 AM	SIG#8	[1,1,0,1,0,0,1,1,0,1,0,0,1,1,0,1,0,0,1,1,0,1,0,0,0,1,0,1]	pk=1	len=28
12:09:05 AM	SIG#1–7	[1,1,0,1,0,1,0,0,0,1,0,1,1,0,1,1]	pk=1	len=undefined
12:04:16 AM	SIG#467	[1,0,0,0,1,0,1,0,0,0,1,0,1,0,0,0,1]	pk=1	len=17
12:04:13 AM	SIG#466	[1,1,1,0,0,0,1,1,1,0,0,0,1,1,1,0,0,0,1,1,1,0,0,1,1,1,1,0,0,1,0,1,1,0,0,1,0,0,1,0,0,1]	pk=1	len=42
12:04:00 AM	SIG#462–465	[1,1,0,1,0,1,0,1,1]	pk=1	len=undefined
12:03:58 AM	SIG#461	[1,1,0,1,0,0,1,1,0,1,1,0,1,1,0,1,1,1,1,1,0,1,1,1,0,1,0,1,1,1,0,0,0,1,1,1,0,0,0,1,1,1]	pk=1	len=42
12:03:51 AM	SIG#460	[1,0,0,0,1,0,1,0,0,0,1,1,1,0,0,0,1,1]	pk=1	len=18
12:03:47 AM	SIG#459	[1,0,0,1,0,0,1,0,0,1,0,0,1,0,0,1,0,0,1,0,0,1]	pk=1	len=22
12:03:37 AM	SIG#453–458	[1,1,1,1,0,1,1,0,0,1,1,0,1,0,0,1]	pk=1	len=undefined
12:03:36 AM	SIG#452	[1,1,1,0,0,0,1,1,1,0,0,0,1,1,1,0,0,0,1,1,1,0,0,1,1,1,1,0,0,1,1,1,1,0,0,1,1,0,1,0,0,1,1]	pk=1	len=43
12:03:15 AM	SIG#441–451	[1,1,0,1,0,0,1,0,1,1,0,1,1,0,1,1,0,1,1,1,1,0,0,1,1,0,1,1,0,0,1,1]	pk=1	len=undefined
12:03:14 AM	SIG#440	[1,0,0,0,2,0,1,0,0,0,2,1,1,0,0,0,2,1,1,0,0,0,2,1,1,0,0,0,2,1,1,0,0,0,2,1,1,0,0,0,2,1,1]	pk=2	len=43
12:03:06 AM	SIG#439	[1,0,0,1,0,0,1,0,0,1,1,0,1,0,0,1,1,1,1,0,0,1,1,1,0,0,0,1,1,1,0,0,0,1,1,1,0,0,1,1,1,1,0,0,1,0,1,1,0,0,1,0,0,1,0,0,1]	pk=1	len=57
12:02:55 AM	SIG#438	[1,0,1,0,0,0,1,0,1,0,0,0,1,0,1,0,1,0,1,0,1,0,1,1,1,0,1,0,1,1,1,0,1,0,1,1,1,0,1,0,1,1,1,0,1,0,1,1,1,0,1,0,1,1,1,0,1,0,0,1,1,0,1,0,0,0,1,0,1,0,0,0,1,0,1,0,0,0,1,0,1,0,0,0,1]	pk=1	len=85
12:02:36 AM	SIG#435–437	[1,0,1,1,0,1]	pk=1	len=undefined
12:02:33 AM	SIG#434	[2,0,1,0,0,0,2,0,1,0,0,0,2,0,1,0,0,0,2,0,1,0,0,0,2,0,1]	pk=2	len=27
12:02:24 AM	SIG#430–433	[1,0,1,0,0,2,0,0,2]	pk=2	len=undefined
12:02:22 AM	SIG#429	[1,0,0,0,1,0,1,0,0,0,1,0,1,0,0,0,1,0,1,0,0,0,1,0,1,0,0,0,1,0,1,0,0,0,1,0,1,0,0,1,1,0,1,0,0,1,0,0,1,0,0,1,0,1,1,0,0,1,0,1,0,0,0,1,0,1,0,0,0,1,0,1,0,0,0,1,0,1]	pk=1	len=78
12:01:37 AM	SIG#407–428	[1,1,0,0,1,0,1,0,0,0,0,0,0,0,2,0,0,2,1,0,2,1,0,2,1,0,2,1,2,1,0,0,2,1,0,1,1,0,1,0,1,0,1,1,0,0,1,0,1,0,0,1,0,0,1,0,1,0,1]	pk=2	len=undefined
12:01:36 AM	SIG#406	[1,1,0,0,0,1,1,1,0,0,0,1,0,1,0,0,0,1]	pk=1	len=18
12:01:25 AM	SIG#398–405	[1,1,0,1,0,1,1,0,1,1,0,1,1,0,1,1,0,0,1,1]	pk=1	len=undefined
12:01:24 AM	SIG#397	[1,1,0,0,0,1,1,1,0,0,0,1,0,1,0,0,0,1]	pk=1	len=18
12:01:19 AM	SIG#396–396	[1,1]	pk=1	len=undefined
12:01:18 AM	SIG#395	[1,0,1,0,0,0,1,0,1,0,0,0,1,0,1,0,0,0,1,0,1,0,0,1,1,0,1,0,0,1,1,0,1,0,0,1,1,0,1,0,0,1,1]	pk=1	len=43
12:01:04 AM	SIG#391–394	[2,0,0,2,0,1,2,0,1]	pk=2	len=undefined
12:01:04 AM	SIG#390	[1,0,0,2,0,0,1,0,0,2,0,0,1,0,0,2,0,0,1,0,0,2]	pk=2	len=22
12:01:00 AM	SIG#389	[1,1,1,0,0,0,1,1,1,0,0,0,1,1,1,0,0,0,1,1,1,0,0,0,1,1,1,0,0,0,1,1,1,0,0,0,1,0,1,0,0,0,1]	pk=1	len=43
12:00:32 AM	SIG#376–388	[1,1,1,1,0,0,1,1,0,1,0,0,0,0,1,0,0,1,0,1,0,1,1,0,1,0,1,0,0,0,1,0,1,1]	pk=1	len=undefined
12:00:31 AM	SIG#375	[1,0,0,1,0,0,1,0,0,1,1,0,1,0,0,1,1,0,1,0,0,1,1]	pk=1	len=23
12:00:26 AM	SIG#374	[1,2,2,0,0,0,1,2,2,0,0,0,1,2,2,0,0,0,1,2,2,0,0,0,1,2,2,0,0,0,1,2,2,0,0,0,1,0,2,0,0,0,1]	pk=2	len=43
12:00:10 AM	SIG#369–373	[2,0,2,0,2,0,0,0,0,1,0,1,2]	pk=2	len=undefined
12:00:10 AM	SIG#368	[1,0,0,2,0,0,1,0,0,2,0,0,1,0,0,2,0,0,1,0,0,2]	pk=2	len=22
11:59:34 PM	SIG#347–367	[1,1,0,1,0,1,0,0,0,0,0,0,0,0,0,0,0,1,0,1,0,1,0,1,1,0,1,0,2,1,0,0,2,1,0,2,1,0,0,2,1,0,2,1,2,1,0,2,1,0,1,0,1,0,0,1,0,1]	pk=2	len=undefined
11:59:31 PM	SIG#346	[1,0,0,0,1,0,1,0,0,0,1,0,1,0,0,0,1]	pk=1	len=17
11:59:28 PM	SIG#345	[1,0,0,0,1,0,1,0,0,0,1,1,1,0,0,0,1,1,1,0,0,0,1,1,1,0,0,0,1,1,1,0,0,0,1,1,1,0,0,1,1,1,1,0,0,1,0,1,1,0,0,1,0,0,1,0,0,1,0,0,1,0,0,1,0,0,1,0,0,1,0,0,1,0,0,1,0,0,1]	pk=1	len=79
11:59:00 PM	SIG#338–344	[1,0,1,0,0,1,0,0,0,0,1,0,0,1,0,1,0,1]	pk=1	len=undefined
11:59:00 PM	SIG#337	[1,0,0,1,0,0,1,0,0,1,0,0,1,0,0,1,0,0,1,0,0,1]	pk=1	len=22
11:58:55 PM	SIG#336	[1,1,0,0,0,1,1,1,0,0,0,1,0,1,0,0,0,1]	pk=1	len=18
11:58:40 PM	SIG#329–335	[1,0,1,0,0,0,0,0,1,0,0,1,1,0,1,1,0,1,1,0,0,1,1]	pk=1	len=undefined
11:56:10 PM	SIG#284–284	[1]	pk=1	len=undefined
11:55:44 PM	SIG#274–274	[1]	pk=1	len=undefined
11:53:05 PM	SIG#193–193	[1]	pk=1	len=undefined
11:21:45 PM	SIG#982–982	[1]	pk=1	len=undefined
11:09:11 PM	SIG#691–691	[1]	pk=1	len=undefined
11:06:55 PM	SIG#637–637	[1]	pk=1	len=undefined
10:50:35 PM	SIG#241–241	[1]	pk=1	len=undefined
10:44:31 PM	SIG#121–121	[1]	pk=1	len=undefined
11:56:14 PM	SIG#285	[1,0,0,0,1,0,1,0,0,0,1,0,1,0,0,0,1]	pk=1	len=17
11:55:43 PM	SIG#273	[1,0,0,0,1,0,1,0,0,0,1,0,1,0,0,0,1]	pk=1	len=17
11:53:03 PM	SIG#192	[1,0,0,0,1,0,1,0,0,0,1,0,1,0,0,0,1]	pk=1	len=17
11:34:36 PM	SIG#1289	[1,0,0,0,1,0,1,0,0,0,1,0,1,0,0,0,1]	pk=1	len=17
11:33:28 PM	SIG#1273	[1,0,0,0,1,0,1,0,0,0,1,0,1,0,0,0,1]	pk=1	len=17
11:27:04 PM	SIG#1137	[1,0,0,0,1,0,1,0,0,0,1,0,1,0,0,0,1]	pk=1	len=17
11:26:07 PM	SIG#1109	[1,0,0,0,1,0,1,0,0,0,1,0,1,0,0,0,1]	pk=1	len=17
11:21:43 PM	SIG#981	[1,0,0,0,1,0,1,0,0,0,1,0,1,0,0,0,1]	pk=1	len=17
11:11:08 PM	SIG#735	[1,0,0,0,1,0,1,0,0,0,1,0,1,0,0,0,1]	pk=1	len=17
11:09:14 PM	SIG#692	[1,0,0,0,1,0,1,0,0,0,1,0,1,0,0,0,1]	pk=1	len=17
11:06:59 PM	SIG#638	[1,0,0,0,1,0,1,0,0,0,1,0,1,0,0,0,1]	pk=1	len=17
11:06:54 PM	SIG#636	[1,0,0,0,1,0,1,0,0,0,1,0,1,0,0,0,1]	pk=1	len=17
11:04:25 PM	SIG#577	[1,0,0,0,1,0,1,0,0,0,1,0,1,0,0,0,1]	pk=1	len=17
10:50:39 PM	SIG#242	[1,0,0,0,1,0,1,0,0,0,1,0,1,0,0,0,1]	pk=1	len=17
10:41:03 PM	SIG#65	[1,0,0,0,1,0,1,0,0,0,1,0,1,0,0,0,1]	pk=1	len=17
10:10:30 PM	SIG#2424	[1,0,0,0,1,0,1,0,0,0,1,0,1,0,0,0,1]	pk=1	len=17
11:58:37 PM	SIG#328	[1,0,0,0,1,0,1,0,0,0,1,0,1,0,0,0,1,0,1,0,0,0,1,0,1,0,0,0,1,0,1,0,0,0,1,0,1,0,0,0,1,0,1]	pk=1	len=43
11:48:40 PM	SIG#90	[1,0,0,0,1,0,1,0,0,0,1,0,1,0,0,0,1,0,1,0,0,0,1,0,1,0,0,0,1,0,1,0,0,0,1,0,1,0,0,0,1,0,1]	pk=1	len=43
11:21:52 PM	SIG#983	[1,0,0,0,1,0,1,0,0,0,1,0,1,0,0,0,1,0,1,0,0,0,1,0,1,0,0,0,1,0,1,0,0,0,1,0,1,0,0,0,1,0,1]	pk=1	len=43
10:45:50 PM	SIG#154	[1,0,0,0,1,0,1,0,0,0,1,0,1,0,0,0,1,0,1,0,0,0,1,0,1,0,0,0,1,0,1,0,0,0,1,0,1,0,0,0,1,0,1]	pk=1	len=43
10:15:11 PM	SIG#2530	[1,0,0,0,1,0,1,0,0,0,1,0,1,0,0,0,1,0,1,0,0,0,1,0,1,0,0,0,1,0,1,0,0,0,1,0,1,0,0,0,1,0,1,0,0,0,1,0,1,0,0,0,1,0,1,0,0,0,1,0,1,0,0,0,1,0,1,0,0,0,1,0,1,0,0,0,1,0,1,0,0,1,1,0,1,0,0,1,1,0,1,0,0,1,1,0,1,0,0,1,1]	pk=1	len=101
10:45:33 PM	SIG#147	[1,0,0,0,1,0,1,0,0,0,1,0,1,0,0,0,1,0,2,0,0,0,1,0,2,0,0,0,1,0,2,0,0,0,1,0,2,0,0,0,1,0,2,0,0,0,1,0,2,0,0,0,1,2,2,0,0,0,1,2,2,0,0,0,1,2,2,1,0,0,1,2,2,1,1,0,1,2,2,1,1,1,1,2,2,1,1,1,0,2,2,1,1,1,0,0,2,1,1,1,0,0,0,1,1,1]	pk=2	len=106
11:15:55 PM	SIG#821	[1,0,0,0,1,0,1,0,0,0,1,0,1,0,0,0,1,0,3,0,0,0,1,0,3,0,0,0,1,0,3,0,0,0,1,0,3,0,0,0,1,0,3]	pk=3	len=43
11:55:48 PM	SIG#275	[1,0,0,0,1,0,1,0,0,0,1,1,1,0,0,0,1,1]	pk=1	len=18
11:52:44 PM	SIG#182	[1,0,0,0,1,0,1,0,0,0,1,1,1,0,0,0,1,1]	pk=1	len=18
10:57:06 PM	SIG#391	[1,0,0,0,1,0,1,0,0,0,1,1,1,0,0,0,1,1]	pk=1	len=18
11:14:58 PM	SIG#794	[1,0,0,0,1,0,1,0,0,0,1,1,1,0,0,0,1,1,1,0,0,0,1,1,1,0,0,0,1,1,1,0,1,0,1,1,1,0,1,0,1,1,1,0,1,0,1,1,1,0,1,0,1,0,1,0,1,0,1,0,0,0,1,0,1,0,0,0,1,0,1]	pk=1	len=71
11:47:13 PM	SIG#59	[1,0,0,0,1,0,1,0,0,0,1,1,1,0,0,0,1,1,1,0,0,0,1,1,1,1,0,0,1,1,1,1,0,0,1,1,1,1,0,0,1,1,1,1,0,0,0,1,1,1,0,0,0,2,1,1,0,0,0,2,0,1,0,0,0,2]	pk=2	len=66
10:10:51 PM	SIG#2426	[1,0,0,0,1,0,1,0,0,0,1,1,1,0,0,0,1,1,2,0,0,0,1,1,2,0,0,0,1,1,2,0,0,0,1,1,2,0,0,2,1,1,2,0,0,2,2,1,2,0,0,2,2,0,2,0,0,2,2]	pk=2	len=59
11:49:54 PM	SIG#114	[1,0,0,0,2,0,1,0,0,0,2,0,1,0,0,0,2]	pk=2	len=17
11:31:55 PM	SIG#1224	[1,0,0,0,2,0,1,0,0,0,2,0,1,0,0,0,2]	pk=2	len=17
11:31:43 PM	SIG#1216	[1,0,0,0,2,0,1,0,0,0,2,0,1,0,0,0,2]	pk=2	len=17
10:57:54 PM	SIG#406	[1,0,0,0,2,0,1,0,0,0,2,0,1,0,0,0,2,0,1,0,0,0,2,0,1,0,0,0,2,0,1,0,0,0,2,0,1,0,0,0,2,0,1]	pk=2	len=43
11:23:52 PM	SIG#1055	[1,0,0,0,2,0,1,0,0,0,2,0,1,0,0,0,2,0,1,0,0,0,2,0,1,0,0,0,2,0,1,0,0,0,2,0,1,0,0,1,2,0,1,0,0,1,0,0,1,0,0,1,0,3,1,0,0,1,0,3,0,0,0,1,0,3,0,0,0,1,0,3,0,0,0,1,0,3]	pk=3	len=78
11:30:46 PM	SIG#1189	[1,0,0,0,2,0,1,0,0,0,2,0,1,0,0,0,2,0,1,0,0,0,2,0,1,1,0,0,2,0,1,1,1,0,2,0,1,1,1,0,2,0,1,1,1,0,0,0,1,1,1,0,0,1,1,1,1,0,0,1,1,1,1,0,0,1,1,1,1,0,0,1,1,1,0,0,0,1,1,1,0,0,0,1,1,1,0,0,0,1,1,1,0,0,0,1,1,1,0,0,0,1,1,1,0,0,0,1,1,1,0,0,0,1,1,1,1,0,0,1,1,1,1,1,0,1,1,1,1,1,0,1,1,1,1,1,0,2,1,1,1,1,0,2,2,1,1,1,0,2,2,0,1,1,0,2,2,0,0,1,0,2,2,0,0,1,0,2,2,0,0,1,0,2,2,0,0,1,0,0,2,0,0,1,0,0,1,0,0,1,0,0,1,0,0,1,0,0,1,0,0,1,0,0,1]	pk=2	len=205
10:58:44 PM	SIG#419	[1,0,0,0,2,0,1,0,0,0,2,1,1,0,0,0,2,1,1,0,0,0,2,1,1,1,0,0,2,1,1,1,0,0,2,1,1,1,0,0,2,1,1,1,0,0,0,1,1,1]	pk=2	len=50
10:50:00 PM	SIG#228	[1,0,0,0,2,0,1,0,0,0,2,1,1,0,0,0,2,1,1,0,0,0,2,1,1,1,0,0,2,1,1,1,0,0,2,1,1,1,0,0,2,1,1,1,0,0,0,1,1,1]	pk=2	len=50
11:53:08 PM	SIG#194	[1,0,0,0,2,0,1,0,0,0,2,2,1,0,0,0,2,2]	pk=2	len=18
10:08:39 PM	SIG#2374	[1,0,0,0,2,0,1,0,0,0,2,2,1,0,0,0,2,2,2,0,0,0,2,2,2,0,0,0,2,2,2,0,0,0,2,2,2,0,0,0,2,2,2]	pk=2	len=43
10:44:35 PM	SIG#122	[1,0,0,0,3,0,1,0,0,0,3,0,1,0,0,0,3]	pk=3	len=17
10:56:12 PM	SIG#368–378	[1,0,0,1,0,0,0,1,0,1,0,1,0,1,1,0,1,0,1,0,1,0,1]	pk=1	len=undefined
11:41:51 PM	SIG#1	[1,0,0,1,0,0,1,0,0,1]	pk=1	len=10
11:27:10 PM	SIG#1138	[1,0,0,1,0,0,1,0,0,1,0,0,1,0,0,1,0,0,1,0,0,1]	pk=1	len=22
11:26:33 PM	SIG#1122	[1,0,0,1,0,0,1,0,0,1,0,0,1,0,0,1,0,0,1,0,0,1]	pk=1	len=22
11:23:25 PM	SIG#1042	[1,0,0,1,0,0,1,0,0,1,0,0,1,0,0,1,0,0,1,0,0,1]	pk=1	len=22
11:00:43 PM	SIG#471	[1,0,0,1,0,0,1,0,0,1,0,0,1,0,0,1,0,0,1,0,0,1]	pk=1	len=22
10:10:10 PM	SIG#2416	[1,0,0,1,0,0,1,0,0,1,0,0,1,0,0,1,0,0,1,0,0,1]	pk=1	len=22
10:07:50 PM	SIG#2360	[1,0,0,1,0,0,1,0,0,1,0,0,1,0,0,1,0,0,1,0,0,1]	pk=1	len=22
10:06:08 PM	SIG#2328	[1,0,0,1,0,0,1,0,0,1,0,0,1,0,0,1,0,0,1,0,0,1]	pk=1	len=22
11:53:45 PM	SIG#211	[1,0,0,1,0,0,1,0,0,1,0,0,1,0,0,1,0,0,1,0,0,1,0,0,1,0,0,1,0,0,1,0,0,1,0,0,1,0,0,1,0,0,1]	pk=1	len=43
10:10:40 PM	SIG#2425	[1,0,0,1,0,0,1,0,0,1,0,0,1,0,0,1,0,0,1,0,0,1,0,0,1,0,0,1,0,0,1,0,0,1,0,0,1,0,0,1,0,0,1]	pk=1	len=43
10:10:27 PM	SIG#2423	[1,0,0,1,0,0,1,0,0,1,0,0,1,0,0,1,0,0,1,0,0,1,0,0,1,0,0,1,0,0,1,0,0,1,0,0,1,0,0,1,0,0,1]	pk=1	len=43
10:53:06 PM	SIG#301	[1,0,0,1,0,0,1,0,0,1,0,0,1,0,0,1,0,0,1,0,0,1,0,0,1,0,0,1,0,0,1,1,0,1,0,0,1,1,0,1,0,0,1,1]	pk=1	len=44
10:56:11 PM	SIG#367	[1,0,0,1,0,0,1,0,0,1,0,0,1,0,0,1,0,0,1,0,0,1,0,0,1,0,0,1,0,0,1,1,0,1,0,0,1,1,1,1,0,0,1,1,1,0,0,0,1,1,1,0,1,0,1,1,1,0,1,0,1,1,1,0,1,0,1,1,1,0,1,0,1,0,1,0,1,0,1,0,1,0,1,0,1,0,1,0,1,0,1,0,1,0,0,0,1,0,1,0,0,0,1,0,1]	pk=1	len=105
11:47:42 PM	SIG#67	[1,0,0,1,0,0,1,0,0,1,0,0,1,0,0,1,0,0,1,0,0,1,0,0,2,0,0,1,0,0,2,0,0,1,0,0,2,0,0,1,0,0,2,0,0,1,0,0,2,0,0,1,0,0,2,0,0,1,0,0,2,0,0,1]	pk=2	len=64
11:48:55 PM	SIG#96	[1,0,0,1,0,0,1,0,0,1,0,0,1,0,0,1,0,1,1,0,0,1,0,1,0,0,0,1,0,1,0,0,0,1,0,1,0,0,0,1,0,1]	pk=1	len=42
11:46:37 PM	SIG#47	[1,0,0,1,0,0,1,0,0,1,0,0,1,0,0,1,0,1,1,0,0,1,0,1,0,0,0,1,0,1,0,0,0,1,0,1,0,0,0,1,0,1]	pk=1	len=42
10:46:41 PM	SIG#165	[1,0,0,1,0,0,1,0,0,1,0,0,1,0,0,1,0,1,1,0,0,1,0,1,0,0,0,1,0,1,0,0,0,1,0,1,0,0,1,1,0,1,0,0,1,0,0,1,0,0,1,0,1,1,0,0,1,0,1,2,0,0,1,0,1,2,0,0,1,0,1,2,0,0,1,0,1,2,0,0,1,0,1,2,0,0,1,1,1,2,0,0,1,1,1,2,0,0,1,1,1,1,0,0,1,1,1,1,1,0,1,1,1,1,1,2,1,1,1,1,1,2,0,1,1,1,1,2,0,1,1,1,1,2,0,1,2,1,1,2,0,1,2,1,1,2,0,1,2,1,0,2,0,1,2,1,0,1,0,1,2,1,0,1,0,1,2,1,0,1,0,0,2,1,0,1,0,0,0,1,0,1,0,0,0,1,0,1,0,0,0,1,0,1,0,0,0,1]	pk=2	len=198
11:05:35 PM	SIG#619	[1,0,0,1,0,0,1,0,0,1,0,0,1,0,0,1,0,1,1,0,0,1,0,1,0,0,0,1,0,1,0,2,0,1,0,1,0,2,1,1,0,1,0,2,1,0,0,1,0,2,1,0,0,1,0,2,1]	pk=2	len=57
11:31:07 PM	SIG#1196	[1,0,0,1,0,0,1,0,0,1,0,0,1,0,0,1,0,1,1,0,0,1,0,1,1,0,0,1,0,1,1,1,0,1,0,1,1,1,1,1,0,1,1,1,1,1,0,1,1,1,1,1,0,1,1,1,1,1,0,0,1,1,1,1,0,0,0,1,1,1]	pk=1	len=70
11:33:42 PM	SIG#1274	[1,0,0,1,0,0,1,0,0,1,0,0,1,0,0,1,0,2,1,0,0,1,0,2,0,0,0,1,0,2,0,0,0,1,0,2,0,0,2,1,0,2,0,0,2,1,0,2,0,0,2,1,1,2,0,0,2,1,1,0,0,0,2,1,1,0,0,0,2,1,1,0,0,0,2,1,1]	pk=2	len=77
11:51:19 PM	SIG#145	[1,0,0,1,0,0,1,0,0,1,1,0,1,0,0,1,1,0,1,0,0,1,1]	pk=1	len=23
11:19:12 PM	SIG#914	[1,0,0,1,0,0,1,0,0,1,1,0,1,0,0,1,1,0,1,0,0,1,1]	pk=1	len=23
11:56:23 PM	SIG#286	[1,0,0,1,0,0,1,0,0,1,1,0,1,0,0,1,1,0,1,0,0,1,1,0,1,0,0,1,1,0,1,0,0,1,1,0,1,0,0,1,1,0,1,0,0,0,1,0,1]	pk=1	len=49
11:54:54 PM	SIG#246	[1,0,0,1,0,0,1,0,0,1,1,0,1,0,0,1,1,0,1,0,0,1,1,0,1,0,0,1,1,0,1,0,0,1,1,0,1,0,0,1,1,0,1,0,0,1,1,0,1,0,0,1,0,0,1,0,0,1,0,0,1,0,0,1]	pk=1	len=64
11:10:32 PM	SIG#728	[1,0,0,1,0,0,1,0,0,1,1,0,1,0,0,1,1,0,1,0,0,1,1,0,1,0,0,1,1,0,1,0,0,1,1,0,1,0,1,1,1,0,1,0,1,0,1,0,1,0,1,0,1,0,1,0,1,0,1,0,1,0,1,0,1,0,0,0,1,0,1,0,0,0,1,0,1]	pk=1	len=77
10:41:56 PM	SIG#76	[1,0,0,1,0,0,1,0,0,1,1,0,1,0,0,1,1,0,1,0,0,1,1,0,2,0,0,1,1,0,2,2,0,1,1,0,2,2,0,1,1,0,2,2,0,2,1,0,2,2,0,2,0,0,2,2,0,2,0,1,2,2,0,2,0,1,1,2,0,2,0,1,1,0,0,2,0,1,1,0,1,2,0,1,1,0,1,0,0,1,1,0,1,0,1,1,1,0,1,0,1,0,1,0,1,0,1,0,1,0,1,0,1,0,1,1,1,0,1,0,1,1,0,0,1,0,1,1,0,0,1,0,1,1]	pk=2	len=134
10:47:51 PM	SIG#194	[1,0,0,1,0,0,1,0,0,1,1,0,1,0,0,1,1,0,1,0,0,1,1,0,3,0,0,1,1,0,3,3,0,1,1,0,3,3,1,1,1,0,3,3,1,0,1,0,3,3,1,0,2,0,3,3,1,0,2,1,3,3,1,0,2,1,2,3,1,0,2,1,2,0,1,0,2,1,2,0,0,0,2,1,2,0,0,0,2,1,2]	pk=3	len=91
11:36:12 PM	SIG#1325	[1,0,0,1,0,0,1,0,0,1,1,0,1,0,0,1,1,1,1,0,0,1,1,1,0,0,0,1,1,1,0,0,0,1,1,1,0,0,0,1,1,1]	pk=1	len=42
10:40:26 PM	SIG#46	[1,0,0,1,0,0,1,0,0,1,1,0,1,0,0,1,1,1,1,0,0,1,1,1,0,0,0,1,1,1,0,0,0,1,1,1,0,0,0,1,1,1]	pk=1	len=42
10:17:28 PM	SIG#2606	[1,0,0,1,0,0,1,0,0,1,1,0,1,0,0,1,1,1,1,0,0,1,1,1,0,0,0,1,1,1,0,0,0,1,1,1,0,0,0,1,1,1]	pk=1	len=42
10:49:31 PM	SIG#221	[1,0,0,1,0,0,1,0,0,1,1,0,1,0,0,1,1,1,1,0,0,1,1,1,0,0,0,1,1,1,0,1,0,1,1,1,0,1,0,1,1,1,0,1,0,0,1,1,0,1,0,0,1,1,0,1,0,0,1,2,0,1,0,0,1,2,2,1,0,0,1,2,2,0,0,0,1,2,2,0,1,0,1,2,2,0,1,1,1,2,2,0,1,1,0,2,2,0,1,1,0,0,2,0,1,1]	pk=2	len=106
11:11:54 PM	SIG#755	[1,0,0,1,0,0,1,0,0,1,1,0,1,0,0,1,1,1,1,0,0,1,1,1,1,0,0,1,1,1,1,1,0,1,1,1,1,1,1,1,1,1,1,1,1,1,1,1,1,1,1,1,0,1,1,1,1,1,0,0,1,1,1,1,0,0,0,1,1,1]	pk=1	len=70
11:56:43 PM	SIG#292	[1,0,0,1,0,0,1,0,0,1,2,0,1,0,0,1,2,0,1,0,0,1,2]	pk=2	len=23
11:49:27 PM	SIG#108	[1,0,0,1,0,0,1,0,0,1,2,0,1,0,0,1,2,0,1,0,0,1,2,0,1,0,0,1,2,0,1,0,0,1,2,0,1,0,0,1,2,0,1,0,0,0,2,0,1]	pk=2	len=49
10:52:02 PM	SIG#273	[1,0,0,1,0,0,1,0,0,1,2,0,1,0,0,1,2,1,1,0,0,1,2,1,1,0,0,1,2,1,1,1,0,1,2,1,1,1,0,1,2,1,1,1,0,0,2,1,1,1,0,0,0,1,1,1,0,0,0,1,1,1,0,0,0,1,0,1,0,0,0,1]	pk=2	len=72
11:33:08 PM	SIG#1260–1272	[1,0,0,1,0,0,1,0,1,1,0,1,1,0,1,1,0,1,1,1,1,0,0,1,1,0,1,1,0,0,1,0,1,0,1]	pk=1	len=undefined
11:51:33 PM	SIG#152–156	[1,0,0,1,0,1,0,0,0,0,1,0,1,1]	pk=1	len=undefined
11:53:45 PM	SIG#212–216	[1,0,0,1,0,1,0,0,0,1,0,1]	pk=1	len=undefined
10:47:27 PM	SIG#188–193	[1,0,0,1,0,1,0,0,0,1,0,1,0,1]	pk=1	len=undefined
11:46:52 PM	SIG#52–58	[1,0,0,1,0,1,0,0,1,0,1,0,0,1,0,1]	pk=1	len=undefined
11:49:11 PM	SIG#102–107	[1,0,0,1,0,1,0,0,1,0,1,0,1]	pk=1	len=undefined
11:39:17 PM	SIG#1385–1389	[1,0,0,1,0,1,0,0,2,0,2]	pk=2	len=undefined
11:00:43 PM	SIG#472–477	[1,0,0,1,0,1,1,0,0,1,1,0,1,1,0,1,1]	pk=1	len=undefined
10:15:40 PM	SIG#2540–2570	[1,0,0,1,0,1,1,0,1,0,1,0,1,1,0,0,1,0,1,0,0,1,0,0,1,0,1,0,1,1,0,1,0,1,1,0,0,1,1,0,1,1,0,1,1,0,0,1,1,1,1,0,1,1,0,0,1,1,0,1,0,1,0,1,1,0,1,0,0,1,0,0,1,0,1,1]	pk=1	len=undefined
11:41:51 PM	SIG#2–5	[1,0,0,1,0,1,1,0,1,1]	pk=1	len=undefined
11:54:54 PM	SIG#247–258	[1,0,0,1,0,1,1,0,1,1,0,1,1,0,1,1,0,0,1,1,1,1,0,0,1,1,0,1,0,0,0,0,0,0,0,1,0,1,2]	pk=2	len=undefined
11:04:56 PM	SIG#599–618	[1,0,0,1,0,1,1,0,1,2,0,1,2,0,1,2,0,0,1,2,1,2,0,1,2,0,1,2,0,1,1,0,1,1,0,0,1,1,0,1,1,1,1,0,1,1,0,1,0,0,0,0,0,1,0,1,0,0,1]	pk=2	len=undefined
10:07:50 PM	SIG#2361–2365	[1,0,0,1,0,2,1,0,0,0,2,0,2]	pk=2	len=undefined
11:21:53 PM	SIG#984–1028	[1,0,0,1,1,0,1,0,0,1,0,1,1,0,1,0,1,0,0,0,2,0,2,0,0,2,0,2,2,0,0,2,0,2,0,1,0,1,0,1,0,1,1,0,1,0,1,0,0,0,1,0,1,0,1,0,1,1,0,1,0,1,0,1,0,1,0,1,0,1,1,0,0,1,0,1,0,1,0,1,0,1,0,1,1,0,1,0,1,0,0,0,0,0,0,1,0,1,1]	pk=2	len=undefined
10:51:07 PM	SIG#250–261	[1,0,0,1,1,0,1,0,1,0,1,1,0,1,0,1,0,0,0,0,0,1,0,1,1,0,1,1,0,1,1]	pk=1	len=undefined
11:18:51 PM	SIG#900	[1,0,0,2,0,0,1,0,0,2,0,0,1,0,0,2,0,0,1,0,0,2]	pk=2	len=22
10:41:26 PM	SIG#74	[1,0,0,2,0,0,1,0,0,2,0,0,1,0,0,2,0,0,1,0,0,2]	pk=2	len=22
11:27:00 PM	SIG#1136	[1,0,0,2,0,0,1,0,0,2,0,0,1,0,0,2,0,0,1,0,0,2,0,0,1,0,0,2,0,0,1,0,0,2,0,0,1,0,0,2,0,0,1]	pk=2	len=43
10:42:20 PM	SIG#85	[1,0,0,2,0,0,1,0,0,2,0,0,1,0,0,2,0,0,1,0,0,2,0,0,1,0,0,2,0,0,1,0,0,2,0,0,1,0,0,2,0,0,1,0,0,1,0,0,1,0,0,1,0,0,1,0,0,1,0,0,1,0,0,1]	pk=2	len=64
10:44:15 PM	SIG#115	[1,0,0,2,0,0,1,0,0,2,0,0,1,0,0,2,0,0,1,0,0,2,0,0,1,0,0,2,0,0,1,0,0,2,0,0,1,0,0,2,0,0,1,0,0,1,0,0,1,0,0,1,0,0,1,0,0,1,0,1,1,0,0,1,0,1,0,0,0,1,0,1,0,0,0,1,0,1,0,0,0,1,0,1]	pk=2	len=84
11:14:31 PM	SIG#792	[1,0,0,2,0,0,1,0,0,2,0,0,1,0,0,2,0,0,1,0,0,2,0,0,2,0,0,2,0,0,2,0,0,2,0,0,2,0,0,2,0,0,2]	pk=2	len=43
11:55:31 PM	SIG#265	[1,0,0,2,0,0,1,0,0,2,1,0,1,0,0,2,1,0,1,0,0,2,1]	pk=2	len=23
11:09:32 PM	SIG#700	[1,0,0,2,0,0,1,0,0,2,1,0,1,0,0,2,1,0,1,0,0,2,1]	pk=2	len=23
11:48:15 PM	SIG#81	[1,0,0,2,0,0,1,0,0,2,2,0,1,0,0,2,2,0,1,0,0,2,2]	pk=2	len=23
10:14:05 PM	SIG#2501	[1,0,0,3,0,0,1,0,0,3,3,0,1,0,0,3,3,0,1,0,0,3,3]	pk=3	len=23
10:57:26 PM	SIG#400–405	[1,0,1,0,0,0,0,0,0,0,0,0,0,0,0,1,0,1,0,1,0,0,1]	pk=1	len=undefined
10:57:55 PM	SIG#407–410	[1,0,1,0,0,0,0,0,0,0,0,0,0,0,2,0,2]	pk=2	len=undefined
11:56:25 PM	SIG#287–291	[1,0,1,0,0,0,0,0,0,0,0,0,0,1,0,1,0,1]	pk=1	len=undefined
11:49:29 PM	SIG#109–112	[1,0,1,0,0,0,0,0,0,0,0,0,1,0,1,1]	pk=1	len=undefined
11:45:07 PM	SIG#15–26	[1,0,1,0,0,0,0,0,0,0,0,2,0,2,1,0,2,1,0,2,1,0,2,1,2,1,0,2,1,0,1,0,0,0,1,0,0,1]	pk=2	len=undefined
11:50:14 PM	SIG#122–127	[1,0,1,0,0,0,0,0,0,0,1,0,1,1,0,1,1,0,1,1]	pk=1	len=undefined
11:10:33 PM	SIG#729–732	[1,0,1,0,0,0,0,0,0,1,0,1]	pk=1	len=undefined
11:20:38 PM	SIG#951–967	[1,0,1,0,0,0,0,0,0,1,0,1,0,1,0,1,1,0,1,0,1,1,0,0,1,0,1,0,0,1,1,0,1,0,1,0,0,1,0,1]	pk=1	len=undefined
10:58:15 PM	SIG#412–416	[1,0,1,0,0,0,0,0,2,0,2,0,0,2]	pk=2	len=undefined
11:37:50 PM	SIG#1363–1366	[1,0,1,0,0,0,0,1,0,0,1,1]	pk=1	len=undefined
11:14:59 PM	SIG#795–798	[1,0,1,0,0,0,0,1,0,1]	pk=1	len=undefined
11:29:27 PM	SIG#1178–1182	[1,0,1,0,0,0,0,1,0,1,1,0,1,1]	pk=1	len=undefined
11:40:57 PM	SIG#1426–1443	[1,0,1,0,0,0,0,2,0,2,1,0,2,1,0,0,2,1,0,2,1,2,1,0,0,2,1,0,1,1,0,1,0,1,0,1,1,0,0,1,0,1,0,0,0,1,0,1,1]	pk=2	len=undefined
11:44:38 PM	SIG#1	[1,0,1,0,0,0,1,0,1]	pk=1	len=9
11:42:15 PM	SIG#11	[1,0,1,0,0,0,1,0,1,0,0,0,1,0,1,0,0,0,1,0,1,0,0,0,1,0,1]	pk=1	len=27
11:33:07 PM	SIG#1259	[1,0,1,0,0,0,1,0,1,0,0,0,1,0,1,0,0,0,1,0,1,0,0,0,1,0,1]	pk=1	len=27
11:29:26 PM	SIG#1177	[1,0,1,0,0,0,1,0,1,0,0,0,1,0,1,0,0,0,1,0,1,0,0,0,1,0,1]	pk=1	len=27
10:56:56 PM	SIG#385	[1,0,1,0,0,0,1,0,1,0,0,0,1,0,1,0,0,0,1,0,1,0,0,0,1,0,1]	pk=1	len=27
10:54:11 PM	SIG#331	[1,0,1,0,0,0,1,0,1,0,0,0,1,0,1,0,0,0,1,0,1,0,0,0,1,0,1]	pk=1	len=27
10:09:51 PM	SIG#2407	[1,0,1,0,0,0,1,0,1,0,0,0,1,0,1,0,0,0,1,0,1,0,0,0,1,0,1]	pk=1	len=27
11:54:02 PM	SIG#217	[1,0,1,0,0,0,1,0,1,0,0,0,1,0,1,0,0,0,1,0,1,0,0,0,1,0,1,0,0,0,1,0,1,0,0,0,1,0,1,0,0,0,1]	pk=1	len=43
11:48:10 PM	SIG#80	[1,0,1,0,0,0,1,0,1,0,0,0,1,0,1,0,0,0,1,0,1,0,0,0,1,0,1,0,0,0,1,0,1,0,0,0,1,0,1,0,0,0,1]	pk=1	len=43
11:12:08 PM	SIG#759	[1,0,1,0,0,0,1,0,1,0,0,0,1,0,1,0,0,0,1,0,1,0,0,0,1,0,1,0,0,0,1,0,1,0,0,0,1,1,1,0,0,0,1,1]	pk=1	len=44
11:32:09 PM	SIG#1230	[1,0,1,0,0,0,1,0,1,0,0,0,1,0,1,0,0,0,1,0,1,0,0,1,1,0,1,0,0,1,1,0,1,0,0,1,1,0,1,0,0,1,1]	pk=1	len=43
10:06:53 PM	SIG#2346	[1,0,1,0,0,0,1,0,1,0,0,0,1,0,1,0,0,0,1,0,1,0,0,1,1,0,1,0,0,1,1,0,1,0,0,1,1,0,1,0,0,1,1,0,2,0,0,1,1,0,2,0,0,1,1,0,2,0,0,1,1,0,2,0,0,1,1,0,2,0,0,1,1,0,2,0,0,1,1,0,2,0,0,1,1]	pk=2	len=85
10:49:51 PM	SIG#227	[1,0,1,0,0,0,1,0,1,0,0,0,1,0,1,0,0,0,1,0,1,0,0,3,1,0,1,0,0,3,1,0,1,0,0,3,1,1,1,0,0,3,1,1,0,0,0,3,1,1,0,0,0,3,1,1,0,0,1,3,1,1,0,0,1,0,1,1,0,0,1,0,0,1,0,0,1]	pk=3	len=77
11:45:41 PM	SIG#27	[1,0,1,0,0,0,1,0,1,0,0,0,1,0,1,0,1,0,1,0,1,0,1,0,1,0,1,0,1,0,0,0,1,0,1,0,0,1,1,0,1,0,0,1,0,0,1,0,0,1,0,0,1,0,0,1]	pk=1	len=56
10:12:15 PM	SIG#2435	[1,0,1,0,0,0,1,0,1,0,0,0,1,0,1,0,1,0,1,0,1,0,1,0,1,0,1,0,1,0,1,0,1,0,1,0,1,0,1,0,1,0,1,0,1,0,1,0,1,0,1,1,1,0,1,0,1,1,0,0,1,0,1,1,0,1,1,0,1,1,0,1,0,0,1,1,0,1,0,0,1,1,0,1,0,0,1,1,0,1,0,0,1,0,0,1,0,0,1,0,2,1,0,0,1,0,2,0,0,0,1,0,2,0,1,0,1,0,2,0,1,1,1,0,2,0,1,1,0,0,2,0,1,1,0,0,2,0,1,1,0,0,1,0,1,1,0,0,1,0,1,1,0,0,1,0,1,1,0,0,1,0,1,1,0,0,1,0,1,1,0,0,1,0,1,1,0,0,1,0,1,1,0,0,1,0,1,1,0,0,1,0,1,1,0,0,1,0,0,1,0,0,1]	pk=2	len=203
11:36:43 PM	SIG#1335	[1,0,1,0,0,0,1,0,1,0,0,0,1,0,1,0,1,0,1,0,1,0,1,1,1,0,1,0,1,1,0,0,1,0,1,1,0,0,1,0,1,1]	pk=1	len=42
11:10:51 PM	SIG#733	[1,0,1,0,0,0,1,0,1,0,0,0,1,0,1,0,1,0,1,0,1,0,1,1,1,0,1,0,1,1,0,0,1,0,1,1,0,0,1,0,1,1]	pk=1	len=42
11:40:55 PM	SIG#1425	[1,0,1,0,0,0,1,0,1,0,0,0,1,0,1,0,1,0,1,0,1,0,1,1,1,0,1,0,1,1,3,0,1,0,1,1,3,0,1,0,1,1,3,0,2,0,1,1,3,0,2,1,1,1,3,0,2,1,0,1,3,0,2,1,0,1,3,0,2,1,0,1,0,0,2,1,0,1,0,1,2,1,0,1,0,1,0,1,0,1,0,1,0,0,0,1,0,1,0,0,0,1,0,1]	pk=3	len=104
11:32:26 PM	SIG#1236	[1,0,1,0,0,0,1,0,1,0,0,0,1,0,1,0,2,0,1,0,1,0,2,2,1,0,1,0,2,2,1,0,1,0,2,2,1,0,1,0,2,2,1,0,0,0,2,2,1,0,0,0,2,2,1]	pk=2	len=55
11:57:39 PM	SIG#305	[1,0,1,0,0,0,1,0,1,0,0,0,1,0,1,0,2,0,1,0,1,0,2,2,1,0,1,0,2,2,2,0,1,0,2,2,2,1,1,0,2,2,2,1,1,0,2,2,2,1,1,0,2,2,2,1,1,0,1,2,2,1,1,0,1,0,2,1,1,0,1,0,0,1,1,0,1,0,0,1,1,0,1,0,0,1,0,0,1,0,0,1,0,0,1,0,0,1,0,0,1,0,0,1,0,0,1,0,0,1,0,0,1,0,1,1,0,0,1,0,1,0,0,0,1,0,1,0,0,0,1,0,1,0,0,1,1,0,1,0,0,1,1,0,1,0,0,1,1,0,1,0,0,1,1,0,1,0,0,1,1,0,1,0,0,1,1,0,1,0,1,1,1,0,1,0,1,0,1,0,1,0,1,0,0,0,1,0,1,0,0,0,1,0,1,0,0,0,3,0,1,0,0,0,3,0,1,0,0,0,3]	pk=3	len=211
11:02:05 PM	SIG#510	[1,0,1,0,0,0,1,0,1,0,0,0,1,0,1,0,3,0,1,0,1,0,3,3,1,0,1,0,3,3,1,0,1,0,3,3,1,1,1,0,3,3,1,1,1,0,3,3,1,1,1,0,3,3,1,1,1,0,0,3,1,1,1,0,0,0,1,1,1]	pk=3	len=69
11:48:41 PM	SIG#91–95	[1,0,1,0,0,0,1,0,1,0,1]	pk=1	len=undefined
11:40:07 PM	SIG#1402	[1,0,1,0,0,0,1,0,1,1,0,0,1,0,1,1,0,0,1,0,1,1,0,0,1,0,1,1]	pk=1	len=28
11:36:30 PM	SIG#1330	[1,0,1,0,0,0,1,0,1,1,0,0,1,0,1,1,0,0,1,0,1,1,0,0,1,0,1,1]	pk=1	len=28
11:01:19 PM	SIG#484	[1,0,1,0,0,0,1,0,1,1,0,0,1,0,1,1,0,0,1,0,1,1,0,0,1,0,1,1]	pk=1	len=28
10:56:33 PM	SIG#379	[1,0,1,0,0,0,1,0,1,1,0,0,1,0,1,1,0,0,1,0,1,1,0,0,1,0,1,1]	pk=1	len=28
10:44:26 PM	SIG#119	[1,0,1,0,0,0,1,0,1,1,0,0,1,0,1,1,0,0,1,0,1,1,0,0,1,0,1,1]	pk=1	len=28
11:16:17 PM	SIG#826	[1,0,1,0,0,0,1,0,1,1,0,0,1,0,1,1,0,0,1,0,1,1,0,0,1,0,1,1,0,0,3,0,1,1,0,0,3,0,1,1,0,0,3,0,1,1,0,0,3,0,1,0,0,0,3,0,1,0,0,0,3,0,1,0,0,1,3,0,1,0,0,1,0,0,1,0,0,1,0,0,1,0,0,1]	pk=3	len=84
11:32:47 PM	SIG#1247	[1,0,1,0,0,0,1,0,1,1,0,0,1,0,1,1,0,0,1,0,1,1,0,1,1,0,1,1,0,1,0,0,1,1,0,1,0,0,1,1,0,1,0,0,0,1,0,1]	pk=1	len=48
11:21:13 PM	SIG#968	[1,0,1,0,0,0,1,0,1,1,0,0,1,0,1,1,1,0,1,0,1,1,1,0,1,0,1,1,1,0,0,0,1,1,1,0,0,0,1,1,1,0,0,0,1,1,1,0,0,0,1,0,1,0,0,0,1]	pk=1	len=57
10:40:42 PM	SIG#50	[1,0,1,0,0,0,1,0,1,1,0,0,1,0,1,1,1,0,1,0,1,1,1,0,1,0,1,1,1,0,1,0,1,1,1,0,1,1,1,1,1,0,1,1,0,1,1,0,1,1,0,0,1,0,1,1]	pk=1	len=56
10:49:06 PM	SIG#219	[1,0,1,0,0,0,1,0,1,2,0,0,1,0,1,2,0,0,1,0,1,2,0,0,1,0,1,2]	pk=2	len=28
11:13:48 PM	SIG#778	[1,0,1,0,0,0,1,0,1,2,0,0,1,0,1,2,0,0,1,0,1,2,0,1,1,0,1,2,0,1,0,0,1,2,0,1,0,2,1,2,0,1,0,2,0,2,0,1,0,2,0,0,0,1,0,2,0,0,0,1,0,2]	pk=2	len=62
10:43:47 PM	SIG#109	[1,0,1,0,0,0,1,0,1,3,0,0,1,0,1,3,0,0,1,0,1,3,0,1,1,0,1,3,0,1,0,0,1,3,0,1,0,2,1,3,0,1,0,2,0,3,0,1,0,2,0,0,0,1,0,2,0,0,0,1,0,2]	pk=3	len=62
11:32:48 PM	SIG#1248–1258	[1,0,1,0,0,0,2,0,0,2,0,2,0,0,2,2,0,2,0,2,0,1,0,1]	pk=2	len=undefined
11:35:18 PM	SIG#1305–1310	[1,0,1,0,0,0,2,0,2,1,0,2,1,0,2,1]	pk=2	len=undefined
11:35:32 PM	SIG#1312–1324	[1,0,1,0,0,1,0,0,0,0,0,0,0,0,0,0,0,0,1,0,0,1,0,1,0,0,1,1,0,1,0,1,0,0,0,0,0,0,1,0,1,0,0,1]	pk=1	len=undefined
11:47:19 PM	SIG#61–66	[1,0,1,0,0,1,0,0,0,0,0,0,1,0,1,0,1]	pk=1	len=undefined
10:12:15 PM	SIG#2436–2443	[1,0,1,0,0,1,0,0,0,0,1,0,1,1,0,1,1,0,1,1,0,0,1,1]	pk=1	len=undefined
10:09:52 PM	SIG#2408–2414	[1,0,1,0,0,1,0,0,1,1,0,1,1,0,0,1,1,0,1,1]	pk=1	len=undefined
10:10:10 PM	SIG#2417–2422	[1,0,1,0,0,1,0,1,0,1,0,1]	pk=1	len=undefined
10:16:29 PM	SIG#2572–2605	[1,0,1,0,0,1,0,1,0,1,0,1,0,1,1,0,0,1,0,1,0,0,0,0,0,0,0,0,0,1,0,1,1,0,1,1,0,1,1,0,1,1,1,1,0,0,1,1,0,1,0,0,0,0,0,0,0,1,0,1,0,1,0,0,1,1,0,1,0,0,1,1,0,1,0,1,0,0,1,1,0,1,0,0,1,0,1,0,1,0,1]	pk=1	len=undefined
10:13:04 PM	SIG#2463–2494	[1,0,1,0,0,1,0,1,0,1,0,1,1,0,1,0,0,1,0,0,0,1,0,1,1,0,1,1,0,1,1,0,1,1,1,1,0,0,1,1,0,1,0,0,0,1,0,0,1,0,1,0,1,1,0,1,0,1,0,0,0,0,0,1,0,0,1,0,1,0,1,1,0,1,0,1,1,0,1,1]	pk=1	len=undefined
11:08:41 PM	SIG#680–684	[1,0,1,0,0,1,0,1,0,1,1]	pk=1	len=undefined
11:48:57 PM	SIG#97–100	[1,0,1,0,0,1,0,1,3]	pk=3	len=undefined
11:26:22 PM	SIG#1117–1121	[1,0,1,0,0,1,1,0,1,0,0,1]	pk=1	len=undefined
11:23:25 PM	SIG#1043–1054	[1,0,1,0,0,1,1,0,1,0,0,1,0,1,1,0,1,0,1,1,0,1,0,1,0,1]	pk=1	len=undefined
11:12:53 PM	SIG#769–772	[1,0,1,0,0,1,1,0,1,1]	pk=1	len=undefined
11:27:10 PM	SIG#1139–1145	[1,0,1,0,1,0,0,0,0,0,0,0,2,0,0,2,2,0,2,2,0,2,2]	pk=2	len=undefined
11:46:18 PM	SIG#41–46	[1,0,1,0,1,0,0,0,0,0,0,1,0,1,0,1]	pk=1	len=undefined
11:26:33 PM	SIG#1123–1135	[1,0,1,0,1,0,0,0,0,0,0,1,0,1,0,1,0,1,1,0,1,0,1,0,1,0,1,0,1]	pk=1	len=undefined
11:47:42 PM	SIG#68–79	[1,0,1,0,1,0,0,0,0,0,0,2,0,2,0,0,2,0,2,2,0,2,0,2,0,1,0,1]	pk=2	len=undefined
11:30:46 PM	SIG#1190–1195	[1,0,1,0,1,0,0,0,0,0,1,0,1,0,1]	pk=1	len=undefined
11:11:21 PM	SIG#744–748	[1,0,1,0,1,0,0,0,0,0,1,0,1,1]	pk=1	len=undefined
11:45:41 PM	SIG#28–39	[1,0,1,0,1,0,0,0,0,1,0,1,0,1,0,1,1,0,0,1,0,1,0,0,0,0,0,0,0,0,0,0,0,1,0,1]	pk=1	len=undefined
11:38:49 PM	SIG#1375–1379	[1,0,1,0,1,0,0,0,0,2,0,2,1]	pk=2	len=undefined
10:48:53 PM	SIG#214–218	[1,0,1,0,1,0,0,0,1,0,1]	pk=1	len=undefined
11:18:05 PM	SIG#874–880	[1,0,1,0,1,0,0,0,1,0,1,2,0,1,2,0,1,2]	pk=2	len=undefined
11:57:58 PM	SIG#313–318	[1,0,1,0,1,0,0,0,2,0,2,1,0,2,1]	pk=2	len=undefined
11:16:17 PM	SIG#827–846	[1,0,1,0,1,0,0,1,0,1,0,1,0,1,1,0,1,0,1,0,1,0,1,0,0,1,0,1,1,0,1,0,1,0,0,0,0,0,0,0,0,1,0,1,1,0,0,1,1]	pk=1	len=undefined
10:42:20 PM	SIG#86–90	[1,0,1,0,1,0,0,1,0,1,1]	pk=1	len=undefined
11:24:58 PM	SIG#1082–1095	[1,0,1,0,1,0,1,0,0,1,1,0,1,1,0,1,1,0,1,1,1,1,0,1,1,0,0,1,0,0,0,0,0,0,0,1,0,1,1,0,1,1]	pk=1	len=undefined
10:42:57 PM	SIG#98–102	[1,0,1,0,1,0,1,0,1,2]	pk=2	len=undefined
10:55:30 PM	SIG#354–366	[1,0,1,0,1,1,0,0,1,1,0,1,1,0,0,1,1,0,1,1,1,1,0,1,1,0,1,0,0,0,0,0,0,0,0,0,1,0,1,0,1]	pk=1	len=undefined
11:48:26 PM	SIG#84–89	[1,0,1,0,1,1,0,1,0,1,0,1]	pk=1	len=undefined
10:06:08 PM	SIG#2329–2345	[1,0,1,0,1,1,0,1,0,1,0,1,1,0,1,0,1,0,0,0,0,0,0,0,0,0,0,0,0,1,0,0,1,0,1,0,1,1,0,1,0,1,1,0,1]	pk=1	len=undefined
10:51:32 PM	SIG#263–266	[1,0,1,0,2,1,0,0,2,1]	pk=2	len=undefined
11:57:47 PM	SIG#307–311	[1,0,1,1,0,0,1,1,0,1,1,0,1,1]	pk=1	len=undefined
10:55:00 PM	SIG#350–352	[1,0,1,1,0,1]	pk=1	len=undefined
10:44:16 PM	SIG#116–118	[1,0,1,1,0,1]	pk=1	len=undefined
10:45:52 PM	SIG#155–164	[1,0,1,1,0,1,0,1,0,0,1,1,0,1,0,0,1,1,0,1,0,1]	pk=1	len=undefined
10:14:30 PM	SIG#2512–2529	[1,0,1,1,0,1,0,1,0,0,1,1,0,1,0,0,2,1,0,2,0,0,2,0,2,2,0,2,0,2,0,0,0,1,0,1,0,0,1,0,1]	pk=2	len=undefined
10:56:57 PM	SIG#386–390	[1,0,1,1,0,1,0,1,0,1]	pk=1	len=undefined
11:46:38 PM	SIG#48–50	[1,0,1,1,0,1,1]	pk=1	len=undefined
10:54:12 PM	SIG#332–342	[1,0,1,1,0,1,1,0,1,1,0,0,1,1,0,1,1,1,1,0,1,1,0,1,0,0,0,0,0,0,0,0,0,0,0,1,0,1]	pk=1	len=undefined
11:21:33 PM	SIG#975	[1,0,2,0,0,0,1,0,2,0,0,0,1,0,2,0,0,0,1,0,2,0,0,0,1,0,2]	pk=2	len=27
11:15:14 PM	SIG#799	[1,0,2,0,0,0,1,0,2,0,0,0,1,0,2,0,0,0,1,0,2,0,0,0,1,0,2,0,0,0,1,0,2,0,0,0,1,0,2,0,0,0,1]	pk=2	len=43
10:55:30 PM	SIG#353	[1,0,2,0,0,0,1,0,2,0,0,0,1,0,2,0,0,0,1,0,2,0,0,0,1,0,2,0,0,0,1,0,2,0,0,0,1,1,2,0,0,0,1,1,2,0,0,0,1,1,2,1,0,0,1,1,2,1,0,0,1,1,2,1,0,0,1,1,2,1,0,0,1,1,2,1,0,0,1,0,2,1,0,0,1,0,2,1,0,0,1,0,2,2,0,0,1,0,2,2,1,0,1,0,2,2,1,0,1,0,2,2,1,0,0,0,2,2,1,0,0,1,2,2,1,0,0,1,0,2,1,0,0,1,0,0,1,0,0,1]	pk=2	len=140
11:51:33 PM	SIG#151	[1,0,2,0,0,0,1,0,2,0,0,0,1,0,2,0,0,0,1,0,2,0,0,1,1,0,2,0,0,1,0,0,2,0,0,1,0,0,2,0,0,1]	pk=2	len=42
11:26:22 PM	SIG#1116	[1,0,2,0,0,0,1,0,2,0,0,0,1,0,2,0,0,0,1,0,2,0,0,1,1,0,2,0,0,1,0,0,2,0,0,1,0,0,2,0,0,1]	pk=2	len=42
11:26:03 PM	SIG#1108	[1,0,2,0,0,0,1,0,2,0,0,0,1,0,2,0,1,0,1,0,2,0,1,0,1,0,2,0,1,0,0,0,2,0,1,0,0,1,2,0,1,0,0,1,0,0,1,0,0,1,0,0,1,0,0,1]	pk=2	len=56
10:48:27 PM	SIG#203	[1,0,2,0,0,0,1,0,2,0,0,0,1,0,2,0,1,0,1,0,2,0,1,0,1,0,2,0,1,0,0,0,2,0,1,0,0,1,2,0,1,0,0,1,1,0,1,0,0,1,1,0,1,0,0,1,1]	pk=2	len=57
11:37:13 PM	SIG#1351	[1,0,2,0,0,0,1,0,2,1,0,0,1,0,2,1,0,0,1,0,2,1,0,0,1,0,2,1]	pk=2	len=28
11:29:11 PM	SIG#1171	[1,0,2,0,0,0,1,0,2,1,0,0,1,0,2,1,0,0,1,0,2,1,0,0,1,0,2,1]	pk=2	len=28
11:46:17 PM	SIG#40	[1,0,2,0,0,0,1,0,2,1,0,0,1,0,2,1,2,0,1,0,2,1,2,0,1,0,2,1,2,0,0,0,2,1,2,0,0,1,2,1,2,0,0,1,0,1,2,0,0,1,0,0,2,0,0,1]	pk=2	len=56
10:54:42 PM	SIG#343	[1,0,2,0,0,0,1,0,2,2,0,0,1,0,2,2,2,0,1,0,2,2,2,0,1,0,2,2,2,0,0,0,2,2,2,0,0,0,2,2,2]	pk=2	len=41